9
81
1 1
10 13
19 23
28 35
37 45
46 51
55 61
64 66
73 74
2 88
11 93
20 101
29 113
38 121
47 127
56 144
65 152
74 159
3 168
12 180
21 188
30 192
39 205
48 209
57 217
66 229
75 239
4 251
13 258
22 270
31 277
40 281
49 291
58 302
67 307
76 319
5 326
14 340
23 345
32 355
41 361
50 374
59 384
68 396
77 404
6 410
15 415
24 427
33 441
42 447
51 458
60 461
69 475
78 480
7 489
16 497
25 511
34 514
43 527
52 535
61 548
70 555
79 567
8 571
17 581
26 586
35 600
44 611
53 621
62 624
71 632
80 646
9 657
18 665
27 672
36 677
45 687
54 700
63 706
72 716
81 721
