+-------------------+-------------------+-------------------+-------------------+-------------------+-------------------+
| 26 15 18  4 21 12 | 16  6 14 24 17 31 | 13 32 27  8 19  1 | 10 35 28 29 34 30 |  9 20 23  2 33 25 | 22  3 36 11  5  7 |
|  1  8 19 27 32 13 | 25 33 23  9 20  2 | 22  7  5 11 36  3 | 16 31 17  6 24 14 | 34 28 30 35 29 10 | 12 26 18 15  4 21 |
| 23 20 25 33  9  2 | 18  4 26 21 15 12 | 35 34 29 28 10 30 | 36 22 11  5  7  3 | 32  8  1 13 27 19 | 31 14 16 17  6 24 |
| 30 28 10 29 34 35 | 19 27  1 32  8 13 | 31 24  6 17 16 14 | 18 12 15  4 21 26 |  7 11  3 22  5 36 |  2 23 25 20 33  9 |
| 14 17 16  6 24 31 | 36  5  3  7 11 22 |  2  9 33 20 25 23 | 19 13  8 27 32  1 | 21 15 26 12  4 18 | 35 30 10 28 29 34 |
|  3 11 36  5  7 22 | 10 29 30 34 28 35 | 12 21  4 15 18 26 | 25  2 20 33  9 23 | 24 17 14 31  6 16 | 13  1 19  8 27 32 |
+-------------------+-------------------+-------------------+-------------------+-------------------+-------------------+
| 29 32 13  1 28 10 |  2 23 27  8  9 19 | 16 17  3  7 22  6 | 31 18 24 14 15  4 | 11 34  5 36 30 35 | 25 33 12 21 26 20 |
| 33 21 12 26 20 25 | 31 14  4 15 24 18 | 10 28  1 32 13 29 | 35 36 34 30 11  5 |  8  9 27 19 23  2 | 16  6 22  7  3 17 |
|  4 24 31 14 15 18 | 22  3  6 17  7 16 | 19  8 23  9  2 27 | 13 10 32  1 28 29 | 20 21 33 25 26 12 | 36  5 35 34 30 11 |
| 27  9  2 23  8 19 | 12 26 33 20 21 25 | 36 11 30 34 35  5 | 22 16  7  3 17  6 | 28 32 29 10  1 13 | 18  4 31 24 14 15 |
|  6  7 22  3 17 16 | 35 30  5 11 34 36 | 25 20 26 21 12 33 |  2 19  9 23  8 27 | 15 24  4 18 14 31 | 10 29 13 32  1 28 |
|  5 34 35 30 11 36 | 13  1 29 28 32 10 | 18 15 14 24 31  4 | 12 25 21 26 20 33 | 17  7  6 16  3 22 | 19 27  2  9 23  8 |
+-------------------+-------------------+-------------------+-------------------+-------------------+-------------------+
| 34 35 30 28 36  5 |  1  8 32 10 13 29 |  4 18 17 31 14 24 | 26 33 12 15 25 21 | 16 22  7  6 11  3 | 27  9 23  2 20 19 |
|  7 22  3 11 16  6 | 30 28 34 36 35  5 | 33 25 15 12 26 21 | 23 27  2 20 19  9 | 18 31 24  4 17 14 | 29 32  1 13  8 10 |
| 21 12 26 15 25 33 | 14 17 24 18 31  4 | 29 10  8 13  1 32 | 30  5 35 28 36 34 | 19  2  9 27 20 23 |  6  7  3 22 11 16 |
| 32 13  1  8 10 29 | 23 20  9 19  2 27 |  6 16 11 22  3  7 | 14  4 31 17 18 24 | 36 35 34  5 28 30 | 33 21 26 12 15 25 |
| 24 31 14 17 18  4 |  3 11  7 16 22  6 | 27 19 20  2 23  9 |  1 29 13  8 10 32 | 25 12 21 33 15 26 |  5 34 30 35 28 36 |
|  9  2 23 20 19 27 | 26 15 21 25 12 33 |  5 36 28 35 30 34 |  3  6 22 11 16  7 | 10 13 32 29  8  1 |  4 24 14 31 17 18 |
+-------------------+-------------------+-------------------+-------------------+-------------------+-------------------+
| 28 10 29 32 35 30 | 27  9  8 13 19  1 | 14 31  7 16  6 17 |  4 26 18 24 12 15 | 22 36 11  3 34  5 | 23 20 33 25 21  2 |
| 20 25 33 21  2 23 |  4 24 15 12 18 26 | 30 35 32 10 29 28 |  5  3 36 34 22 11 | 13 19  8  1  9 27 | 14 17  6 16  7 31 |
| 11 36  5 34 22  3 | 29 32 28 35 10 30 | 26 12 24 18  4 15 | 33 23 25 21  2 20 | 31 16 17 14  7  6 |  1  8 27 19  9 13 |
|  8 19 27  9 13  1 | 33 21 20  2 25 23 |  3 22 34 36  5 11 |  6 14 16  7 31 17 | 35 10 28 30 32 29 | 26 15  4 18 24 12 |
| 17 16  6  7 31 14 |  5 34 11 22 36  3 | 23  2 21 25 33 20 | 27  1 19  9 13  8 | 12 18 15 26 24  4 | 30 28 29 10 32 35 |
| 15 18  4 24 12 26 |  6  7 17 31 16 14 |  1 13  9 19 27  8 | 29 30 10 32 35 28 |  2 25 20 23 21 33 |  3 11  5 36 34 22 |
+-------------------+-------------------+-------------------+-------------------+-------------------+-------------------+
| 12 26 15 18 33 21 | 17 16 31  4 14 24 | 32 29 19  1  8 13 | 28 34 30 10  5 35 | 27 23  2  9 25 20 |  7 22 11  3 36  6 |
| 31 14 17 16  4 24 | 11 36 22  6  3  7 |  9 27 25 23 20  2 |  8 32  1 19 29 13 | 33 26 12 21 18 15 | 34 35 28 30 10  5 |
| 13  1  8 19 29 32 | 20 25  2 27 23  9 |  7  6 36  3 11 22 | 17 24 14 16  4 31 |  5 30 35 34 10 28 | 21 12 15 26 18 33 |
| 22  3 11 36  6  7 | 28 10 35  5 30 34 | 21 33 18 26 15 12 | 20  9 23 25 27  2 |  4 14 31 24 16 17 | 32 13  8  1 19 29 |
| 35 30 28 10  5 34 |  8 19 13 29  1 32 | 24  4 16 14 17 31 | 15 21 26 18 33 12 |  6  3 22  7 36 11 |  9  2 20 23 25 27 |
|  2 23 20 25 27  9 | 15 18 12 33 26 21 | 34  5 10 30 28 35 | 11  7  3 36  6 22 | 29  1 13 32 19  8 | 24 31 17 14 16  4 |
+-------------------+-------------------+-------------------+-------------------+-------------------+-------------------+
| 18  4 24 31 26 15 |  7 22 16 14  6 17 |  8  1  2 27  9 19 | 32 28 29 13 30 10 | 23 33 25 20 12 21 | 11 36 34  5 35  3 |
| 36  5 34 35  3 11 | 32 13 10 30 29 28 | 15 26 31  4 24 18 | 21 20 33 12 23 25 | 14  6 16 17 22  7 |  8 19  9 27  2  1 |
| 25 33 21 12 23 20 | 24 31 18 26  4 15 | 28 30 13 29 32 10 | 34 11  5 35  3 36 |  1 27 19  8  2  9 | 17 16  7  6 22 14 |
| 16  6  7 22 14 17 | 34 35 36  3  5 11 | 20 23 12 33 21 25 |  9  8 27  2  1 19 | 26  4 18 15 31 24 | 28 10 32 29 13 30 |
| 10 29 32 13 30 28 |  9  2 19  1 27  8 | 17 14 22  6  7 16 | 24 15  4 31 26 18 |  3  5 36 11 35 34 | 20 25 21 33 12 23 |
| 19 27  9  2  1  8 | 21 12 25 23 33 20 | 11  3 35  5 34 36 |  7 17  6 22 14 16 | 30 29 10 28 13 32 | 15 18 24  4 31 26 |
+-------------------+-------------------+-------------------+-------------------+-------------------+-------------------+
