+-------------+-------------+-------------+-------------+
| 12  9  1  4 | 13  3 11 16 | 14  6  8  2 | 10  5  7 15 |
| 14  8  2  6 | 10  7  5 15 | 12  4  9  1 | 13 11  3 16 |
|  3 11 16 13 |  6 14  8  2 |  7 10  5 15 |  4  9 12  1 |
|  7  5 15 10 |  4 12  9  1 |  3 13 11 16 |  6  8 14  2 |
+-------------+-------------+-------------+-------------+
|  5 14 10  2 | 15  9  7  4 | 11  1 12 13 | 16  3  8  6 |
|  8  3  6 16 |  2  5 14 10 |  9 15  7  4 |  1 12 11 13 |
|  9  7  4 15 |  1 11 12 13 |  8 16  3  6 |  2 14  5 10 |
| 11 12 13  1 | 16  8  3  6 |  5  2 14 10 | 15  7  9  4 |
+-------------+-------------+-------------+-------------+
|  1  4  9  7 | 12 16 13 11 |  2  3  6  8 | 14 10 15  5 |
| 15 10  5 14 |  7  1  4  9 | 16 12 13 11 |  3  6  2  8 |
|  2  6  8  3 | 14 15 10  5 |  1  7  4  9 | 12 13 16 11 |
| 16 13 11 12 |  3  2  6  8 | 15 14 10  5 |  7  4  1  9 |
+-------------+-------------+-------------+-------------+
| 10  2 14  8 |  5  4 15  7 | 13  9  1 12 | 11 16  6  3 |
|  4 15  7  5 |  9 13  1 12 |  6 11 16  3 |  8  2 10 14 |
| 13  1 12  9 | 11  6 16  3 | 10  8  2 14 |  5 15  4  7 |
|  6 16  3 11 |  8 10  2 14 |  4  5 15  7 |  9  1 13 12 |
+-------------+-------------+-------------+-------------+
