+----------------+----------------+----------------+----------------+----------------+
| 23  2 21 24  9 |  5 19 11 25 12 | 18  8  7 16  3 | 13  4 14 10  1 | 20 22  6 15 17 |
|  4  1 14 13 10 |  9  2 21 23 24 | 19 11 12 25  5 | 15 17  6 20 22 |  3 18  8  7 16 |
| 16 18  8  7  3 | 20 22  6 17 15 |  1 14 13  4 10 | 12 25 11  5 19 |  9  2 21 24 23 |
| 25 19 11 12  5 |  3 18  8 16  7 | 22  6 15 17 20 | 24 23 21  9  2 | 10  1 14 13  4 |
| 17 22  6 15 20 | 10  1 14  4 13 |  2 21 24 23  9 |  7 16  8  3 18 |  5 19 11 12 25 |
+----------------+----------------+----------------+----------------+----------------+
| 19  8  5 16  7 | 15  6  3 18 17 | 14 20  4 22 13 | 25  2  9 12 11 | 24 21 10 23  1 |
| 18  6  3 17 15 | 13 14 20 22  4 | 21 10 23  1 24 | 16 19  5  7  8 | 12 11  9 25  2 |
|  2 11  9 25 12 |  7  8  5 19 16 |  6  3 17 18 15 | 23  1 10 24 21 | 13 14 20  4 22 |
| 22 14 20  4 13 | 24 21 10  1 23 | 11  9 25  2 12 | 17 18  3 15  6 |  7  8  5 16 19 |
|  1 21 10 23 24 | 12 11  9  2 25 |  8  5 16 19  7 |  4 22 20 13 14 | 15  6  3 17 18 |
+----------------+----------------+----------------+----------------+----------------+
| 10 24 23 21  2 | 19 12 25  9 11 |  7 16  8  5 18 | 14 20  4  1 13 | 22 15 17  6  3 |
|  5  7 16  8 18 | 22 15 17  3  6 | 13  4 14 20  1 | 11  9 25 19 12 |  2 24 23 21 10 |
|  3 15 17  6 22 |  1 13  4 20 14 | 24 23 21 10  2 |  8  5 16 18  7 | 19 12 25 11  9 |
| 20 13  4 14  1 |  2 24 23 10 21 | 12 25 11  9 19 |  6  3 17 22 15 | 18  7 16  8  5 |
|  9 12 25 11 19 | 18  7 16  5  8 | 15 17  6  3 22 | 21 10 23  2 24 |  1 13  4 14 20 |
+----------------+----------------+----------------+----------------+----------------+
| 14 10 13  1 23 | 25  9 24 21  2 |  5 12 19 11 16 | 22  6 15  4 20 | 17  3  7 18  8 |
|  8  3  7 18 17 |  4 20 15  6 22 | 10 13  1 14 23 | 19 11 12 16  5 | 25  9 24  2 21 |
|  6 20 15 22  4 | 23 10 13 14  1 |  9 24  2 21 25 | 18  8  7 17  3 | 16  5 12 19 11 |
| 21  9 24  2 25 | 16  5 12 11 19 |  3  7 18  8 17 |  1 14 13 23 10 |  4 20 15 22  6 |
| 11  5 12 19 16 | 17  3  7  8 18 | 20 15 22  6  4 |  2 21 24 25  9 | 23 10 13  1 14 |
+----------------+----------------+----------------+----------------+----------------+
|  7 17 18  3  6 | 14  4 22 15 20 | 23  1 10 13 21 |  5 12 19  8 16 | 11 25  2  9 24 |
| 13 23  1 10 21 | 11 25  2 24  9 | 16 19  5 12  8 | 20 15 22 14  4 |  6 17 18  3  7 |
| 24 25  2  9 11 |  8 16 19 12  5 | 17 18  3  7  6 | 10 13  1 21 23 | 14  4 22 20 15 |
| 15  4 22 20 14 | 21 23  1 13 10 | 25  2  9 24 11 |  3  7 18  6 17 |  8 16 19  5 12 |
| 12 16 19  5  8 |  6 17 18  7  3 |  4 22 20 15 14 |  9 24  2 11 25 | 21 23  1 10 13 |
+----------------+----------------+----------------+----------------+----------------+
