experiment: generator (Time: 539.322110 s)
number of tasks: 1
task: 1
puzzle size: 144x144
+-------------------------------------------------+-------------------------------------------------+-------------------------------------------------+-------------------------------------------------+-------------------------------------------------+-------------------------------------------------+-------------------------------------------------+-------------------------------------------------+-------------------------------------------------+-------------------------------------------------+-------------------------------------------------+-------------------------------------------------+
| ___ 102  79   4 ___  22  48  13  57 ___ 126  33 | 139 115 ___ 128 ___ ___  64  20 ___  92 130 ___ |  35 133 ___  15 ___  90  96 ___  53   2  52  28 | ___  16 ___ ___ 106  11 ___ ___ 132 ___  93 ___ |  27  21 100  12 122   3 ___  40   5  72 ___ ___ | ___   6 ___ ___ ___ ___  31  50  73   8 ___ ___ |  87  85 ___ ___  44  70  25 116 ___  68 ___ 104 |  59 ___  34 ___ ___ 108  89  46 121 ___ ___ ___ |  41  88  36 ___  61   9  62  94 ___ ___ ___ ___ |  80  47 105 124   1 ___ ___  76  91 111 103  19 |  71  75 144  14 143 ___ ___ 127 ___ 113  45  51 | 141  26 134  65 117 109 ___ ___   7 135 107 112 |
|  26 135  65 ___   7 ___ ___  56 141 117 107 ___ | 121 ___ 108 ___  89  60 138  37 142  59 118  46 | ___ ___ 120  24  73   6  97  30 123   8 110  31 |  48  29  22 ___  38 ___  13  33   4 102  79 126 | ___  11  83 ___ 106 ___  69 125  67 ___ ___ ___ | 111 ___ 124  80  39   1 ___  95 103  91 105  76 | 119 ___  36  94 140  23 ___  41 101  61   9  88 | ___ 104  68  63 116  44  58  17  70  87  25  85 | 128  81  98 ___ ___  77 ___  92 139  20  74 130 | 136 ___ ___ ___ 144 114  45 ___  14 ___ 127  71 |  28  55  53   2  32  52  96 ___  15 133  35  90 |  72 ___  12  27  21 ___   3 100 ___  43  40 ___ |
|  70 ___ ___  25 116  17  68 104  63  99  44  85 | 114 ___ 136  51  45 113  66  75 127  14 143 144 | ___  13  33 ___  57  38 ___ ___ ___  78 ___ ___ | ___ ___ ___ 142 ___ ___ ___ ___ 138  37  89 108 | ___  92  81  98 128  64 115 ___ 130  86  20 139 |  56 ___ 109 107  26 134 ___  65 141 117 ___ 135 | ___ 120 123   8 ___ 110  97   6  73  31  50 ___ |   2 133  28 137  90 ___  35 ___  52 ___  96  32 |  47 ___   1 103  19  95 105  91  39  76  80 124 |  40 122   3   5 ___  84  27  43  21 ___  72 131 |  69  82 ___ ___ ___ ___ 132 ___ ___  83  93 ___ | 101 ___  36   9 ___ ___ ___  88 ___ 119 140  61 |
|  39  76  95 105  47 ___  19 ___ 103  91 ___ 124 | ___  48 126 ___  79  13   4 ___  57  78  33  22 | ___  88  42 140 101  41  62 119  36  94  23  61 |  31 ___ 123 ___ ___   8  10 ___  97  30  50  24 |  35   2 133 ___ ___ ___  28  15 ___ ___ ___ ___ |  81 128 130  74 ___  98 115  77  86 ___  64 ___ |  43   5 ___  21  40  84   3 122  72 131  27 ___ | ___  56 112 141 ___ 107 ___ 134  26 135  54 ___ | 106 ___  49 ___ ___ ___ 132  11 ___  82 125  67 | 108 ___ 138 118  46 121  89  37  59  60 ___ ___ |  68 ___  17  99  85  70 ___  63  44 ___  58 116 | 127 ___ ___ ___ ___ 143 ___ 113 ___ ___ 136  71 |
|  16 ___  93 ___ 106  49  69  83 ___  11 125  67 | ___ ___ ___  41   9  88  62 119 101 ___  42  36 |  45 113 143 ___ 127  51  66  75 144  14 114 ___ | 131  84 ___ ___ 122  21 100   5   3  43 ___  40 |  65 117  56 ___   7  54 112 ___ ___ 141 135  26 | 133  90 ___  15  52  53 ___  35 137   2  96 ___ |  37 ___ ___  59 ___ 121 138  18 142  34 ___  60 |  92  81 ___  86 128  74 ___ ___ ___  20  64 ___ | ___ ___  17  63  68  58  25  99  70  87  44  85 |  24   6  97 120 123 ___  50  30   8  10 ___ ___ |  19  76 ___  91 ___  39 ___ 103 ___ 111  95  47 |  57  29  22 ___ ___  33   4  13  38 ___ 126 ___ |
| ___  20  77  64 128  98 ___  81  86  92  74 130 | 110  31 ___ ___  50  10 ___ ___  73   8 ___ 123 |  27 100 ___  40  72 122   3 ___  12 ___  84 131 |  61  23  36 101  41 ___  88  42  62 ___ ___ 140 |  58 ___ ___  17 ___ ___  68 ___ ___ ___  87  70 |  83 106  67 ___  16  49  69  93 ___ ___ 132 ___ |  75 143 144  14 136 ___  66 ___ 127  71 ___ 113 |  91 ___  19 103  47 ___  95   1  39  76 105 ___ |  90 ___  53 137  28  35 ___   2  52  55  15  32 | ___ ___   4  33  22  29  79 ___  78  13  57  48 | 112 135 ___ 117 ___  26  54 141 107  56  65   7 | 142 121  46  89  59 118 138  60 ___  37 ___  34 |
|  52  55  35 ___  90  53  28 ___ 137   2  15  32 |  84 131 ___ 122  27 100   3 ___ ___  21 ___ ___ |  89 ___ 118 108 142 ___ 138  37 ___ ___ 121  34 | ___ 114 144 ___ ___  14 113 143  66  75  45 ___ |  95  91 ___   1  47 105 ___  80 ___ 103  76  39 | 104 116 ___  44  70 ___  68  58  63  99 ___  87 | 102  33 ___ ___ 126 ___ ___  38  57  48 ___  13 | ___  83  69 ___ 106 125  93  49 ___  82 132  67 |   7  56 ___ ___ 112 ___ ___ 117  26 135 ___ ___ | 140  41  62  42 ___  23   9 ___ ___  88 101 ___ | 115  20  98  92 ___ ___  64  86  74  81 ___ 128 |  73 110 ___  50   8 120  97  10   6  30 ___  31 |
| 114  75  45 ___ ___ ___  71 113 127  14 ___ 143 | ___ 112 107   7  65  56  54 135 141 ___ 109 134 |  77  81 130  74  86 128 ___  20  98 ___ 139 115 |  19  39   1 ___ ___ ___ 111 124 ___  76 ___  80 |  50   8 ___ 123   6  97  31  24 120  73  30 ___ |  60  18 118 ___ 121 ___  34 ___ 142  59 138 ___ |  82  67  49  11 125  16 132 106 ___  69  93 ___ | ___ ___ ___  72 ___  40  27  12 ___ ___   3   5 | ___  13  22  57  48  79   4  78  29 ___ 126  33 |  44 116  25  85  17  70  58  87  99 ___  63  68 |  61 119  36  94 ___  23  62 ___ 140  88   9  41 | 137  52  53  35   2  32  96 133  90 ___ ___ ___ |
| ___  37 ___ ___  18 ___  34  60 ___ ___ ___ 118 | ___  19  80  47  95 111 105 ___ 103  91 124 ___ |  93  83 ___ 125 129 ___ 132  82  49  11  16 ___ | 115 139  98  86 ___  92  81 ___  64  20  77  74 |   9  94  88 ___ ___  62  61 ___ ___ 101 119  23 |  13  38  33 126  29  22  48  79  57  78 ___ 102 |  55  32  53   2  15 ___ ___  90 ___ ___  35 133 | ___ 113 ___ 127  51 136  45 144 114  75 ___ 143 |   6  10 123  73  31 ___  97   8 110  30  24 120 | 107 ___  54 109 134 ___ ___ ___ 117  56 ___ 112 | 131  43 ___ ___   5  84 ___ ___ ___ ___ ___ ___ |  63 ___  17  58 ___  85  25 104 ___ ___ ___  68 |
|  84  43 ___   3 ___ ___ 131 ___  72 ___  40 ___ |  70 ___  44 116  58 104  25  87  63  99  85  17 |  95 111 124  80 103  47 105  76   1  91  39  19 | 112  26 134 141   7 ___  56 ___  54 ___ ___ ___ |  79  78  13 ___  38 ___  48 ___  33  57 102 ___ | 113 ___ ___ 136 ___ ___  71  45 ___  14  66  75 |  20 130  98 ___ ___ ___ ___ 128  86 ___  77 ___ |  94  88 ___ 101  41 140   9 ___  23 119  62  42 | ___  60 ___ ___  34  89 138  59 ___ ___ 108 118 |  15  90  96  32 ___  52  35  55   2 133 137  28 |  31  30 123   8 ___ 110  97 ___  24  10  50   6 | 129  16  49 ___  11 ___ 132 ___ 106  82 125 ___ |
|  23 119   9 ___  41 ___  61  88 101 ___ ___ ___ |  52  28  15 ___  35 133  96  55 137   2  32  53 |  65 ___ 109 ___ 141 ___  54 ___ ___ 117 ___ 112 |  68  70 ___  63 116  99 104  85  25 ___  58 ___ |  89  59 ___  46  18 138  34 108 118 ___  37 121 | 100 ___ ___  40  84 ___ 131  27 ___  21   3  43 |  76 124 ___ ___ ___ ___ 105 ___ 103  19  95 111 |   8 ___  31  73   6  24  50 123 110 ___  97 ___ |  51 ___ ___ 127  71  45  66  14 114  75 136 143 | 125 106 ___  67  49 ___ ___  82  11  83 ___  69 |  48 ___ ___  78  33  29 ___  57 ___  13 ___  38 |  86 ___ ___  77  92 ___ ___  81 ___ ___  74 115 |
| 110  30  50  97 ___ 123  31  10  73   8  24 ___ |  16  69 125 ___  93  83 132  82 129  11 ___ ___ |  58 ___ ___  44  63 116  25 ___  17 ___  70  68 |  28  52  53 137  90   2 133  32 ___  55 ___  15 |  45  14 113 144  51 ___  71 136 ___ ___  75 ___ | ___  41  42 140 ___  36  61   9 ___  94  62 119 | 135 ___ 134 117 107  26  54   7 141 112  65 ___ |  78  13  48  57  38 126  79  22  29 102   4  33 | ___ 100  12  72 131 ___   3  21  84  43 ___   5 | ___ 128  64 130 ___ ___  77  20  92 ___  86 115 |  34 ___ ___  59 118 121 138 142 ___ ___ ___  18 | 103 ___   1  95  91 124 105 111 ___ ___  80  19 |
+-------------------------------------------------+-------------------------------------------------+-------------------------------------------------+-------------------------------------------------+-------------------------------------------------+-------------------------------------------------+-------------------------------------------------+-------------------------------------------------+-------------------------------------------------+-------------------------------------------------+-------------------------------------------------+-------------------------------------------------+
|  92 ___  38  81  64 ___  98  29  48 126 ___  86 |   8 123 120  97 128 139  10 ___ 115 ___  73 ___ |  90  52 ___ ___  28   3 100  27 ___ ___  21 ___ |  36  94 ___ ___  62 125 ___ 101 ___   9 106  42 | 122  40  84  43  25 ___  17  85  63 131  58 ___ | 110 132 129  67  11 ___ ___   6 ___  24  83 ___ |  45 127  87  44 ___  14 113  66  68 144 116 ___ | 108 ___   1  34 105 ___ ___ ___  91 ___ ___ 103 |  96  23 119  61 ___ ___ ___ ___   2 ___  32 ___ |  33   4  13  57  76  78  47  79  80  39  19  22 | ___  65  75 136 141 117  56  71 109 114  51 ___ | 112  59 135   7 ___ 142  60  26 ___  89 ___  46 |
|   2  35  41 133 ___ ___  53 ___  61 ___  32 ___ |  21 ___ ___   3  90 ___ ___  27 ___  15 ___  55 |   7  26 ___ 118 ___ 138  60 ___ 135 107  59  46 | ___  14 ___  68  66  44  70 127 113  45 ___ ___ | ___ ___ 121 ___ 105 ___ ___ 124 103  34  95  91 |  84  25  63  85  99  43  17 122 131  40 104  58 |  79 ___ ___  80  33  78 ___   4  19  22  47 ___ |  24 ___  49 ___ 132 ___   6  30  11  93  83 129 | ___ 114  75  71 134  51 ___ 136 117 ___ 109 ___ | ___ ___ ___ 101  82  94 106   9 125 ___  69  36 |  98  77 102 126 ___  92  81  48 130  29  38  64 | 115   8  20 ___ ___  73  10 139  97  50 120 123 |
|  21  27 ___ 100 ___ ___  12  52  28  15 ___  72 |  99  17  85 ___ 122  84 104 ___ 131  40  63  43 |  18 121 ___ ___  34 ___ ___ ___  37 ___  91   1 | ___ 117  75  71  54 136 114 141 ___  65  51 109 | ___  80  39  76   4 ___ ___  33  57  19 ___  78 |  70  66 127 143 ___  87 144 116  68  44 113 ___ |  77  86 ___ ___ ___  92  81 ___  48  98  38  29 | 125  16  36  69 ___  42 106  82  94   9  88 101 | 138  26 135 ___  46   7  60 107  59  89 118 142 |  32  96 133 ___ ___   2 ___  35 ___  23  61 ___ | ___  50  20  74 ___   8  10 115 120 ___ ___  97 |  31 ___  30   6 ___ ___  83 110 132 ___  67 ___ |
|  99  58 122 104 ___  43  17  84 ___  40 ___  63 | ___ 144 ___  66 116 ___ 113  45 ___  44 127  87 | ___  39  57  33  19   4  13  79  76  80  78 ___ |  46 ___ 135 112 ___ 107 ___ 142  60 ___   7 118 |  38 126  29 102  64 ___  98 130  86 ___  77  92 | 114  54 141 109 117  75 134 ___ ___ ___ ___  65 |  50  73  20  74 ___   8 ___  97 ___ 123 128 139 | 140  23  53  61  96  32  41 119 ___  35 133 137 | 105 121 ___ ___ ___ ___ ___ 108  91 ___ 124 ___ |   5   3 100  72  55  21  90  27  15  52  28 ___ |  49  93  30 ___ ___  11 ___  31  67 ___ ___ 132 |  69  94 ___ 106 125 101  88  16  62 ___ ___  36 |
|  94   9 106  88 ___  82 ___  16  69 125  42 101 |   2  53  32 ___  41 ___ 133  35  61 140 ___ ___ | ___ 114 141 109 ___ ___  56  65  75 136 117 134 |  17  99 ___ 131  25  40  84 ___ ___  58 122  85 | ___ 107  26 ___ 138 ___  46 ___ 142 112  89  59 |  52   3 ___ ___  21  55  12  90  28  15 100  27 | ___ 103  37 108 ___  91 111 105  34 ___  18 121 | ___ ___ 123 ___  97 ___ 128  20   8  50  10  73 | ___ ___ ___  68 ___ 116 ___  44 ___  45 143 127 |  67 132  83 129 ___ ___   6  93  24 110  31  49 |  22  79 ___  80  57  78  13  19  33  39  47   4 |  48 ___ 102  38 ___  86 ___  29  64  77 130 ___ |
|  59  89   7  60 ___ 135 ___ ___ 112 ___ 118 142 | ___ ___ 124 105  18 121 111  95  34 108 ___  37 |   6 110 129  67 ___ 132 ___ ___  30  24 ___  49 |  98 ___ 102  48  64 ___  29  86  81 ___  38 130 | 106 125 ___ ___ ___  88  36  42 101  69 ___  94 |  39   4  57  33  78 ___  22  47 ___  80 ___  79 |  35 137 119 ___ ___ ___ ___  96  61  53  41 ___ |  44  70 144  68 ___ 143 ___  87 ___  45 113 ___ |  97 139 ___ 115 123 128  10  74   8  50 ___  73 | ___ ___ ___ 141 ___ 117  51  65 136 114  71 134 | ___  27 ___  15  72  21 100 ___   5  52  90 ___ | ___ ___  43 ___ ___  63 104  84  25  58 ___ ___ |
|  11  93   6 ___ ___  30  49 110 ___ ___  67 129 |  94  36  42 ___ 106 ___  88   9  69 ___ ___ ___ | 116  70 ___ ___  68  66 ___  45  87 ___  14 144 | ___ ___ ___  28 ___  15 ___ ___ 100  27 ___ ___ |  51 136 114 ___  54  56 134 109 141  71  65 117 |  23 ___ 137  32   2 ___  53  41  61 ___ 133 ___ | ___ 142 135 107 118 ___  60 138 112  46   7 ___ | 126  29  98  48  64 130  38 102  92 ___ ___  86 |  25  84  43 ___  17 122 104  40  99 ___  85  63 | 120 ___  10 ___ ___   8 ___  50  74 ___ ___ 123 | ___  95  37 ___ ___  91 111  34 124 121  18 105 | ___  78  76  47  80 ___  13  39   4  79  33  22 |
| ___ ___ 116 113 ___  87 144  70  68  44 143 127 | ___ 134 109  54 ___ 114  56  65  71 ___ 141  75 |  38  29 ___ 130 ___  64  81  77 102 126  92  98 |   1  91 ___  34 105 108 121 103 111 ___  18 124 | ___  74 139  20 ___  10 123 120  73 115  50   8 |  26 138 142 118  59 ___ ___   7 112 ___  60  89 | ___ ___ ___  24  67  11  83 132  31  49 ___ 110 |  15 ___  12  28 ___   5  90  55  21 ___ ___  72 | ___ ___ ___  19  22  47 ___  80  78  79 ___  57 | ___  25 104  63 ___ ___ 122 ___ ___  84 ___ ___ | ___ ___  82 125 101  94  88 ___ ___  16 106  62 |  61   2 119  41 ___ ___ 133  23 ___  35 ___  53 |
| ___ ___  47  13 ___  76  22 ___  19  80 ___  57 | ___  98 ___  64 ___  29  81 ___ ___ ___  86 ___ |  41  23 ___  32 ___ ___ 133 ___ 119 ___   2  53 |  49 ___  30 ___ ___  24 ___ 129 ___  93   6  67 |  90  15  52  55   3 100 ___   5  72  28  27  21 | 139 ___ ___ ___ ___  20 123 128 ___  74  10 ___ |  58  63 ___  40  85 ___ 104 ___ ___ ___ ___  84 | ___  26  46 112 138 ___ ___ 135  59  89 ___ ___ |  62 ___  82  69  36 ___  88 125  94   9  42 101 | 124 ___ 111 103  37  91 ___  95 108 121 ___   1 | ___  45  87  44 ___  14 113 ___ 143 ___ 116  66 | ___ 117 ___ ___ 136 141  56 ___ ___ ___ 109 134 |
| 117 ___  51 ___  54  75 134 114  71 ___ 109 ___ |  59 ___ 118 138 ___  26  60  89 112 ___ 142 135 | 128 139  73 120 115  97  10  50  20 ___   8 123 |  22  78  76  19   4 ___  39 ___  13  79  47 ___ |   6  24 ___  30 132  83 ___  67 129  31  93 ___ | 121 105 103 124  91  37   1  18 ___ 108 ___  95 |   9 101  82 125  42  94  88 ___  69 ___ ___ ___ |  40  84 ___ 131  25  85 122 ___  99  58 ___ ___ | ___  29 102  48  98  38  81 126  92  77 130  86 | 143 ___ 113 127  87 ___ ___  45  44  70 ___ 144 |  53  35 ___ ___ 137 ___ 133 ___  32 ___ ___  96 | ___ ___  55 ___  15  72 100  52   3 ___ ___  12 |
|  91 ___  18 111 105  37   1 121  34 108 124 103 |  78  22  33   4 ___  39  13  79 ___  80  57  76 | 106  16 101  42 ___  62  88   9  82 125  94 ___ | 123   8  20 115 ___  74 ___  73  10  50 128 120 | ___ ___  23 ___ ___ 133  53  32 ___  61  35   2 |  29  64  86 130  92 102  98 ___  48 126  81  77 |  27 ___ ___ ___   5  21 ___   3  28 ___ ___  52 | ___ ___ ___  71  54 109 ___  75 117  65  56 ___ | 132 ___  30  31 ___   6 ___  24  11 ___ ___ 129 | 118 ___ ___ ___ 135  59   7  89 107 ___ 112  46 |  17  58  43  40  63  99 104 ___  85  84 ___ ___ | ___ ___  87 116 ___ 127 113 ___ ___  45 ___ ___ |
|   8 ___ 128  10 ___  20 123 139 115  74 120 ___ |  11  49  67 132   6 110  83  93  31  24 ___ ___ | 122 ___  63  85 131 ___ 104  58  43 ___ ___  17 |  53 ___ 119  61  96 140 ___ 137 133  35 ___  32 | ___  44  70  87  66 113 144 ___ 127  68  45  14 |  16  62 ___ ___  94  82  36 ___  69 ___ ___   9 | ___ 141  75 ___ 109 ___  56  54  71 ___  51 114 |  80  39 ___  19   4  33 ___ ___ ___  79  13  57 |   3  52  55  28  12  90 100  15 ___  27   5  72 | 130  64  81  86 102  92  38  77 ___  29  48 ___ | ___  89 135 ___ ___ ___  60 112 ___ ___   7 138 |  34 ___ ___  18 108 103 111 ___ ___  95 124 ___ |
+-------------------------------------------------+-------------------------------------------------+-------------------------------------------------+-------------------------------------------------+-------------------------------------------------+-------------------------------------------------+-------------------------------------------------+-------------------------------------------------+-------------------------------------------------+-------------------------------------------------+-------------------------------------------------+-------------------------------------------------+
|  83  49  30   6  93  31 129 ___ ___ 110 ___  24 | ___ 101  94   9  82 132 ___  36  67  16 125  69 |  87 ___ ___  14  85  45 ___ ___  68  70 ___ ___ | ___ ___  28  32  27  52 ___  15  90 ___  55 ___ | ___ 114  66  71  65 ___ ___ 117 ___ 143 ___  56 |  62  35 140   2 133 ___ 137 ___  42  23 ___  53 | ___ 107 112  26  59  60   7  89 ___ ___ 135  54 | ___ ___ ___  33  77  92 102 ___  81  98  38 ___ |  58   3 131 ___  63  43 122  84 ___  17  99 ___ |   8  50 128  74 ___  10  20 ___ ___ ___ ___  73 | ___   1  34 ___ 108 111  18 118 ___ 138  37 ___ | ___  13  19  76  39  80 ___ ___ ___ ___ ___ ___ |
|  56 134  75  51  65  71 141  66 143 ___ ___ 136 |  60 142  59  89 135 ___   7  46 109  26 107 112 | ___  64  74   8 130  50 128 123 115 139 ___  73 |  57  13  19 124  79 ___ ___  80  47 ___  76  78 |  30 ___  97  31  93 ___ ___ ___  24 120 ___  83 | ___ ___ 108 ___ 111  34 103  37 ___ ___ ___ ___ |  36 125  69 ___ ___ ___ 106   9  67 101  82 132 | ___   3 ___   5  58 ___  43 131 104  17 122  40 |  77 ___  48  33  86 ___  38 ___  81 ___  92 126 |  14  45 116  44  68 113  87 ___  70 ___  85 127 | 137 ___  61  23 140 133  41  42   2  62 ___  35 |  32 100  28 ___  52  15  90  96  27  12 ___ ___ |
|  88 ___  82 ___   9 ___ ___ 132  67  16  94 125 | ___ ___ ___ ___ 119  62  41  53 ___  23 ___  61 | ___ ___ ___ 117 143  65 ___ 134  71 114 ___ ___ | ___ ___ ___   5  58  84   3  40 122  17  43 ___ | 135  26 ___ ___  89   7 142  59 107 109  46  60 |  96  27  15 ___ 100  28  72  55 ___  52  90 ___ |   1 108  34 121  91 111  18  95 118 103  37 138 | 139  64 ___ 130  50 ___  20 ___ ___ 123 128  74 |  45  25 ___ ___ ___  87 ___ ___ 113 144  14 ___ |  11 ___ ___  24  31  83  30  49 ___  97 ___ 129 |  57  22 ___ ___  80  13  47 124  78 ___  76  79 |  33  81  48 102  29 ___  38   4  77 ___  92 ___ |
| 100  12  55  90 ___  28  72  96  32  52  21  15 | 104  63  99 ___ ___   3 ___  17 ___ ___ ___ 131 |  37 138 ___  91 118  95  18 ___  34 121 111 ___ | 141  56 ___ ___ ___ 114  66 136  51 ___  75 117 |  76 ___ 105 ___ ___  47  57  78  80 ___ ___  13 | ___  45  44  14 ___ ___ 127 ___  85  70 ___ ___ |  98 126 ___  29 ___  81  38  77 ___  86 ___   4 |  16 132 101  67   9 ___  82  69  88  36 106 125 |  89  54 ___ ___ ___ 135 ___  26 ___  46 ___ 107 |   2  35 ___ ___  61 133 ___  53  23 ___  42 137 | ___ 123 115 ___ ___  10 128 130 ___  64  20 ___ | 120 ___  31 ___ 110 ___ ___  97 ___  49  11 ___ |
| ___ ___ ___ ___  45 ___ ___  25  85  70  14 ___ | ___ 141 117 ___  75 ___  51 134 143 ___ 136 ___ | 102   4 126  92  33  77 ___ ___  48  29  81  86 | 103 111  34 118  95 121 138 108 ___   1  37  91 |  20 139 ___ 115  50 ___  73   8 ___ 130 123  10 |  54  89 107  59  60 112 ___ 135 109 ___ ___  46 |  49  24  31 110  11  83   6  93 120 129  30  97 | ___ ___  72  32  27  21 ___  28 ___  12  90 ___ |  79 ___  19 124  57  76 ___ ___ ___ ___  78  80 | ___ ___ 122 ___ 131 104  43 ___  84   3 ___  63 | ___  36  69  16 125  88 ___ ___  94 132  82   9 |  42 133 ___ 119  23 140  41 ___  35  53   2 137 |
| 111   1  37  18  95  34 103 ___ 118 ___  91 108 |  13  57  78 ___  76 105 ___  22 124  39  80  19 |  82 ___ ___  94  67   9 106  36  69  16 ___ ___ |  73  10 115 130  50 139  64  74 ___ 123  20 ___ | 119  23 ___  61  35  41 ___   2 ___  42  53 ___ |   4  77 126 ___  81  48  86 102 ___ ___  38 ___ |  12  15  28  52 ___ 100  90  27  32  72 ___ ___ | 114 ___ ___ 143  65 ___  75 ___  56 134  51 136 |  93  97  31 120 129  30   6 110 ___  49  11  24 |  59  89 ___ 107 ___  60 ___ ___  26  54 109 142 | ___ ___ 131  84 ___ 104 122   5  99 ___  43  58 |  85 113  68  87  70  44 116  25 ___ 144  14 ___ |
|  13  22  76  47  79 ___  57 105 124  39  78  80 | ___  86 ___ ___ 102   4  38 ___ ___  29 126  48 | 119 ___ 140 ___ ___ ___  41 ___  61  23 133 137 | ___  83  31 120  93 ___ ___  24 ___  49  30  11 |  55  52  96  28  27 ___ ___  21  15 ___  12 100 | ___  50  74   8  10 115  73 ___ ___ ___ 128 123 |  17 ___ 131  84 ___ ___ 122  58   5  63 ___ ___ | ___  54 142 109  89 ___ 135 ___  60 ___   7 107 |   9 ___  69 ___ 101  82 106  16  88  36  94 125 | ___  95 ___ 108  34 111 ___ ___ 121 138 118 103 | 127 ___  68  70  44 ___ 116 ___  14  25  87  45 | 143  56  71 ___ ___ 136  51 ___  65 134 117 141 |
| 133 ___ ___  41  35 ___ 137  62  42  23   2 140 | 100 ___  21  27  55  96  90 ___  32  52  15  28 | 135  54 ___  59 109 ___ ___ ___ 112  26  60 ___ | 127 ___  68  85  45  70  25  44 116 144  87 ___ | ___ ___ 138  34  95  18 103 ___ 108 118   1 111 |   3 ___  40  99 104 131  63  43   5  84 122 ___ | ___  80  19  39  78 ___  47  79 124 ___ ___ ___ | 110 ___ 129 120  93 ___  30  31 ___ ___   6  24 |  65 ___ ___ 143 141  75 ___ 114  56 134 117 136 |  94   9 106 ___  69  88  82  36 ___ 132  67 ___ |  86  98  48  29 126  81  38 ___  92   4 102  77 | 130 ___ 115  20 ___  74 128  64 ___ ___   8  73 |
| 104  17 ___ 122  58 131  63   3 ___ ___  99  40 | ___ 127  14  45  87  25 116 ___  85  70 ___  68 | ___ ___  80  78 ___  79  47  22  19  39  13  57 | 142  60 ___ 109  89  26  54 107   7  46 135  59 | 102  29 ___  48  77  38  86  92 126 ___  98  81 |  66  65 136 117  56  71 141  75 143 114  51 134 | 123  74 115 ___   8 ___ ___  50 130  73  20  64 |  23 ___ 137  42  35 ___ 119  61 ___  53  41 140 |  95 138 ___ 118 ___  37  18 121 111 ___ ___ 108 |  21  27  90 ___  28 100  55  12  52  96  32 ___ | 129  49  31 ___  24  83   6 ___  11  97  30  93 |  67  88  69  82 ___ 125 106 132 ___  36  94 101 |
|  81 ___ ___  38 ___ ___  86   4  33  29  92 126 | ___  73   8 ___  20 ___ 128 123 130 ___  74 115 | ___  96  15 ___  32 ___  90  12 ___  52 100  72 | ___  88  69  67   9  16 132 125 106  36  82 ___ |  43 ___   3 131 ___ ___  63  99  40   5  17 104 |  97  93  24 ___ ___ ___ 129 ___ 120 110   6 ___ | 144  44  68  70 ___ 113 ___ ___ ___ 127 ___ ___ | 121 ___ 103 118  95  91 ___ ___ 111   1  18 108 | ___  62 ___  42 137 ___  41  23 ___  53   2 140 | ___  79 ___  80 ___  13  76 ___  39 ___ 124  57 | 141 134 ___ ___ 136  56 ___ 143 117  66  75  65 | ___ ___ 112 ___ ___ 107 ___  54  89 ___  59 ___ |
|  60 ___ 135   7  89 112 142 ___ ___ ___ ___ 107 | ___ 103  91  95 ___ 138  18   1 118 121 108  34 |  30  97  24  11 120  93   6  49  31 110  83 129 |  86  81  48  33  77 ___   4 126 ___  98 ___  92 |  82  16 ___ ___   9 106 101 ___ 125  67 ___  88 | 105 ___  80  78 ___ ___  57 ___ ___  39  47 ___ |  53 140  61  23   2 133 ___ ___ ___ 137 119  62 | ___  25 ___ ___  45  14  87  68 ___ 144 ___  44 |  50 ___ 115 ___  73  20 128 139  10 ___   8  74 | 117  65  51 136  71 ___  75 134 114  66 ___ ___ |  72  12 ___ ___  15 100 ___  32 ___  96  55 ___ |   5 ___ 131  43  84  40 ___ ___  58  17  99 ___ |
| ___ 123  20 128 ___ ___ ___  64 130 ___   8  74 |  83 ___ ___  93  30  97   6 ___ 120 110  24 ___ |  43 ___  40  99   5 ___ 122  17 ___ ___ 104 ___ | 137 ___ ___ ___  35  23  62 140  41  53 119   2 |  87  70 ___  68  45 116 127  14  44  85 144 113 | ___   9 ___  94  88  69 101  82  67  16 106  36 | 134 136  71 114 117 ___  51 ___ 143 ___  75 ___ | ___ 105 ___ 124  79 ___ ___  19  13  22  47  80 | ___ ___ ___ ___  72  55 ___  52 ___ ___  21 ___ |  92  77  38 126  48 ___ 102  98 ___   4 ___  86 | 142  46 112 ___ 107  60   7 ___ ___  54 ___  89 | 118 ___  34  37 ___ ___  18 138  95   1  91 103 |
+-------------------------------------------------+-------------------------------------------------+-------------------------------------------------+-------------------------------------------------+-------------------------------------------------+-------------------------------------------------+-------------------------------------------------+-------------------------------------------------+-------------------------------------------------+-------------------------------------------------+-------------------------------------------------+-------------------------------------------------+
|  53   2 ___ ___  32 ___ ___  61  62 119  35  41 | ___ ___  27   5  15 ___ ___  21  96 ___  90  52 | 107 112   7 ___  54 118 ___ ___ ___ 135  46  60 | 113 144  70  25 ___  87  68 ___ 127  14  44  45 | 108  37 ___ 121 ___ 103 111  95  18 138 ___ ___ | ___  85 ___ ___  17  84 104  40   3  43  63  99 |  78 ___ ___  76 ___ ___ ___  33 105 ___  80 ___ | ___  31  83  97 ___  93  24 ___ ___ ___ 129   6 | 109  71 114  66  56 ___ ___ ___ ___ 117  65  51 |   9 ___ 101 106  16  36 125  94  82  69 132  88 |  81 ___  29 102 ___  98  86   4  77  48 ___ 130 | ___ 123 139  74 ___ ___ ___ 115 ___   8  50  10 |
|  22  78  80  57  33 ___  13  19 ___ ___  79  47 | ___ ___  77 ___ 126  48  86  92   4 102  38  29 | 140 ___  41  35  62 ___ 137   2  23 119  53 ___ | ___  49 ___  97 ___ ___  31   6 129 ___  24  93 |  15  55 ___ ___   5  72 100  27  90  96  21  12 | 115 120 ___  50 123 ___  10 ___ ___  20  73 ___ |  99 ___  84  43  58 ___  63  85 ___ ___  40 ___ | ___ ___ ___  54 118  89 ___ ___ ___  59 142 ___ |  42  69  16 132  88 125 101  82  36  94 ___ 106 | ___ ___ 103  18 121 ___ 108  91 ___ ___ 138 111 | 113 ___  70 ___ 116 144 ___  25  45 ___  44 ___ |  66 ___ ___ ___  75  51 ___  71 109 117 ___  56 |
| ___   8  74 ___ ___ ___  10 ___ ___ ___  50 128 |  49  83  93  67  24  31 ___ ___  97 ___   6 110 |  40 131 ___  58 ___  85  63  99  84  43 ___ 104 | 133  53  23  62  32 119  61  41 ___   2 140  35 | ___ ___ ___  70 ___ ___ 113  45 ___ ___ ___ 144 |  69  42 ___ ___ ___  16 ___ 125 132  82 101  94 | 117  51 ___ ___  65 134 141 109  66  56 ___  71 | ___  19  13 ___  33  79  80 ___ ___  78  57  47 |   5  28  52  96 ___  15  72  55 ___  21 ___  90 |  77 ___  86 ___  29 ___ ___  92 102  48   4  81 |  60 ___  26 135 ___  46 142  54  89 112 ___ 118 | ___   1 121 ___  37 ___ 103 ___ ___  91  95 111 |
|   1  91 108 103 ___ ___ 111  34 138  37  95  18 |  22 ___  79  33  80 ___  57 ___ 105  76 ___  39 | 125 ___ 106 ___ 132 ___ 101  94  16  82  36  88 |  10 123 139  64 ___  20 ___ 128 ___   8 ___  50 | ___ 119  61 ___  32 ___ 133 ___  41 ___   2  53 |  48 ___  38  77  98  29  81 126   4 102  86  92 |  21  90  52  55  27 ___  72   5 ___ 100  15  28 |  75  71  56 ___ 109  65 ___ ___ 134 ___ ___  51 |  67  31 110 ___  83  24 ___  30  49 ___ ___   6 |  89 118 142   7  26 ___ 107  59 135 112 ___  60 | ___  99 ___ ___ 122  17 ___   3  58 131  40  85 | ___ 144  70  44  87 ___ 127  68 143 ___  45 ___ |
|  36  94 ___ 101  42  16  88  69 132  82   9 ___ |  53 133  35 ___ 140  61 137   2  62 119  41  23 | 136  71  51  65  66 109 141 ___ ___  75 134  56 | ___  17  84   3  85  43 ___ ___  63 ___  40 ___ | ___ 135 112 ___ 118 ___  60 ___   7  54  59 ___ |  28   5 ___  27  12  52 100 ___  96  55  72  21 | ___  18 121  37  95   1 103 124 138 111 108  34 |  20 ___  10  64 120 ___  74 139 ___ ___ ___ 128 | 143  68  70 ___ 113  44 127 ___ 144  14 ___ 116 |  93 ___ 129   6 110  49  24  11  30  31 ___ ___ |  13  78  39  76  47 ___  57 ___ ___  19 ___  33 |   4  98  29 126 102  38  86  48 130  92  77 ___ |
|  46  59 107 ___ 118  26  60 112  54 ___  89 ___ | ___ 111  95 124 ___  34 ___ ___ 138 ___  18 121 |  24 ___   6  93 ___  67 ___  11 ___  30  49 ___ | ___  98  29 ___ 130 102  48  38 ___ ___ ___  77 | ___  82  69  16  42 101  88   9 106 132 ___  36 |  19  33  47 ___ ___ ___ ___ ___ ___  76  57  78 |   2  41  23 119  35  53 137  32  62 133 140  61 | ___  68 ___  25 ___  45 ___  70 144  14 127 ___ | 120 115 ___  64 ___  74  73 ___ 123   8  50 ___ | ___ ___ ___ ___ ___ 134 ___ ___  75  71 ___  56 | 100  21  52 ___ ___  12  72  96 ___  28  15   5 |   3  17 ___  40 ___ 122  63 131 ___ ___  58 104 |
|  17 ___  40  63  85  84 104 131   3  43  58 122 | 144 113 ___ ___  44  68 127  14  25  87 ___ ___ | ___  19  47  79 105  33  57  78 ___ ___  22 ___ |  60  46  26  54 118 135 112 ___ 142  59 107  89 | 126 102  48  29 130 ___ ___ ___  38 ___  92  98 |  71 109 ___  65 134 114  56 ___  66 ___ 141 117 |   8 128 139  20  50 ___ ___ 120  64  10  74 115 | 119  61 133  62 ___  35 140 ___  53   2 137  41 | ___  34 121 138 111 108 103 ___   1  91 ___  18 | ___ ___  72  90  52  12  15  21  55 ___  96 ___ | ___  11 110  30   6  49 129  97  93 ___  24  67 | ___  36  16 125  82 106 101  69  42 ___ ___  88 |
| 134 117 ___ ___ 109 114  56  71  66  75  65 ___ | ___  60  89 118 ___ 112 142  59  54 ___   7  26 | ___ 115 128  50  64 120 ___   8 139  20 123  10 |  13  22  39 105 ___  76 ___  47 ___ ___  80  79 |  24  30  31 ___  67 129  83 ___   6  97  11  49 |  34 124 ___  95   1 121 111 108 138  37 ___  91 |  94 106  16  82   9  36 101 ___ 132 ___ 125  69 |  43 ___ 104   3  85  58  40  84  17  99 ___ 122 | 130  48  29   4  81 126  86 102  98 ___  77 ___ |  45 143 ___ ___  70 144  44  14 ___ ___  25 113 | 133   2  23 119 ___  53 ___  62 ___  61 ___  32 |  96 ___  52  15 ___ ___ ___  28 ___  21 ___ 100 |
| 144  14  44 127 143  70 ___  68 ___  87  45 116 | 134 ___ ___ ___ ___  71 141 ___  66  75 ___ 114 | 126  48  38  77   4 ___  86 ___  29 102  98 ___ | ___   1 ___ ___ ___ ___  34  18 103  91 108 ___ | ___ ___ ___ ___ 120  73  10  50 128  64   8 123 | 112 ___   7  89  46  26  60 ___ ___ ___ 142  59 |  11 ___ 110  30 ___ ___ 129 ___ ___ ___  24  31 |  55  28 100 ___   5  27  15 ___  12  21  72  90 |  33  19  39 ___  13  80  57 ___  22  78  79  47 |  58  85  63 ___  84  17 ___  99  43 131   3 104 |  88 ___ ___ ___ 106 ___ 101 ___ ___ ___ ___  42 |  62  53  23 140 119 ___ 137  61  32   2 ___ ___ |
|  98 ___ 126  86 130  29  81 ___   4 102  77  38 | 123 ___  50 120 ___ ___  73   8  64  20 128 ___ |  15 ___  90  27  96 ___ ___  21 ___  55  12 100 |  88  36  16 132  42 ___  69 106 101 ___ 125   9 | ___  43 131  84 ___ ___ ___  58 122 ___  99  17 |  31  67   6  93  49 110  83 ___  97 ___ ___  11 | ___ 116 ___ ___  45 144 ___ ___  25 113  44  68 |  37  34 111 ___ 124  95 ___ 121   1  91 103 ___ | ___  61  23  62 133 140 137 119 ___   2  35  41 |  79  33 ___  47  39  22  80  78  76 ___ ___ ___ |  56 ___ ___  75  51 134 141 ___  65  71 ___ 109 |  54  46  26 ___ ___   7 142 112 118  59  89  60 |
| ___ ___  15  72 ___  52 100 ___  96 ___  27  90 | ___ 104  58 ___  40 131  63  99   3  43 122  84 | 108  34  18 ___ 138 124 103  91 121  37   1 111 |  56 ___ 114 ___ 109  75  71  51 141 117 136 ___ |  80  76  19  39  33  57  13  79 ___ 105  78  22 |  68 143 116  45 144 ___ ___ ___ ___  87 ___  14 | ___ ___ ___ ___  77  98  86 ___   4  81 126  48 |  82  69 ___ 132  42   9 ___  16  36 ___ ___ 106 | 118 112  26  54 ___ 107 142 135 ___  59 ___ ___ | ___  32 137  41 ___ ___ ___ ___ ___ ___  62 133 | ___   8 139 ___ ___ 123 ___  64  50 ___  74 120 |  97  49 110  24  30   6 129  31  67  11 ___  83 |
|  49 ___  24 129  67 ___  83  31 ___  30  93 ___ |  36  88 ___  42 125 ___ 101  94 132  82 ___  16 | ___ ___ 116  45  25 143 127 ___ ___  87 144 113 | 100  12  52  96   5  55  28  90  72 ___ ___  27 | 136  75  71 ___ 109 ___  56 ___ ___  66 ___ ___ | ___ ___ ___  35  53  23 133 140  62 ___ ___   2 | ___   7  26 135  89  46 142 118 ___ ___ 107 112 | ___  48  81   4 130 ___ 126  29  98  92  86 ___ | ___ 131  84   3 ___  40  63  43  17  99  58 122 | ___ 120  73 128 ___ 123 ___   8  20 115  64  10 | ___ ___ 121  37  18   1 103 138  95  34 ___ 124 | ___  22  39  80 ___  47 ___  19  33  78  79  13 |
+-------------------------------------------------+-------------------------------------------------+-------------------------------------------------+-------------------------------------------------+-------------------------------------------------+-------------------------------------------------+-------------------------------------------------+-------------------------------------------------+-------------------------------------------------+-------------------------------------------------+-------------------------------------------------+-------------------------------------------------+
| ___  97 ___   8 110 ___  50 ___  20  73 ___ ___ |  67  93 ___  16 ___  24  11 ___  30 129  49   6 | ___  40  17  68  43  70  99  25 122 ___  85  58 | ___  32 ___ ___  52 ___ ___  53   2  96 ___ ___ | 113 127  44 116 114 ___ ___  71 144 ___  66 ___ | 125 ___  36  61  42 106   9  88 ___ ___  94  62 |  54 134 ___ 141 ___ ___ 117 ___ ___  65  56 136 |  57  80  79 ___ ___ ___  13 ___  33 ___  78 ___ |  84  15 ___  55  27 100  21  72   5   3 131  12 | 115 139  92  98  38 ___  81 ___  86 126 ___ ___ | ___ 138   7 ___ ___ 118  59 ___ ___ 107  60 121 |  37 124  18 111 ___ ___  91 ___  39 105  19  95 |
|  33   4  13 ___  29  47  79 ___  76 ___  48  22 | 130 ___ 115 139  81 ___  92 ___ 102 ___ ___ ___ | 133 140  53  28 ___  52   2  96  41 ___ ___ ___ | ___  67   6 ___  16 129 ___  49  11 132 ___  69 | 100  72 ___  90 ___  21  27 131 ___ ___ ___   5 |  74 110 123 ___ 120 128  50  10  20  73   8  97 |  25  17 ___  63  68 ___  99  70 ___  58 104 ___ | ___ ___  89 135 121 ___ ___   7 118 138  59  46 | ___ 125 ___  82 ___ ___  94 101  42  62  61 ___ |  19  39 ___   1  18 124 ___ 105 103 108  37  95 | ___  66 ___ 127 144 143  14 ___ ___  44 ___ ___ |  75 109  51  56 141 ___ 117 136 ___  54 112  65 |
|   5   3 ___  21 ___ ___  27  15 ___ ___ 131 ___ |  85  58 ___  70 104 ___  99  25 ___  63  17 122 | 111 108   1  19  37  39  91 ___  18 103 ___  95 |  65 109  51  75 ___ ___ 136 134 ___ ___  56 112 |  13  57  80  47  29  78 ___ ___  22  76   4  33 |  44 114 144  71 143 116  45 ___  87 ___  14 ___ |  64  98  38 ___ 115 130  92 ___ 102 ___ ___ 126 | ___ 125   9 ___  23  61  88 106  42 ___ ___  36 | 121 ___   7 135  89  60  59 142 118 138  34  46 |  28  52   2 ___  41  32 133  96 137 140 119 ___ |  50  97 ___  73 ___ ___   8  20 ___  74  10 110 |  30  67 ___  83 129 ___  11  24  16 132 ___  93 |
| 118 138  60  59 121   7  89 ___ ___ ___  34  46 | ___  95  19  39 ___ 108 ___ 105 ___ ___   1  18 | ___  24 ___  69  30 ___  11 132 ___ ___ ___ ___ |  77 130  38 102 139  86 126  98  92 ___  81 ___ | ___ 101 ___ 106  23  94   9 ___  36  82 ___  42 |  80  29  22  48  33 ___  79  13  76  57  78 ___ | ___ ___  41 137 ___  32 ___  52 119  35 133 140 | ___  44  45  87 ___  71 ___ 116 143 ___  14 144 | 110 ___ 128  20  50  10 ___  73 ___  97 ___ ___ | 112  26 117 134 ___ 109 ___  54 ___ 136 ___  65 |  27   3  90  72  12   5  21  55 ___  15 100  84 |  43 ___ 122 104  63  17  99  40  70  25  68 ___ |
| 143  66 113  14 114 ___  45  44  87 127 ___ 144 | ___ ___ ___  26  56 136 117 ___  75 141 134  51 | ___ 126 ___ 115 102 139  92 ___ ___ ___ 130  77 |  95 ___  18  37  39 ___ 108   1 ___ 105 111  19 |  10 ___  74 128 ___   8 ___  31 ___  20  97 120 | 107 121  46  34 ___   7  89  60 135 142  59 138 | ___  49   6 ___  69 ___  11 ___ ___  93  83  24 | ___  15 ___ ___  84 ___ ___  90   5 ___  21  12 |  29  80  47  76 ___  13 ___  57 ___   4  48  22 |  68  70 ___  17 122  85 104 ___ ___  40  43 ___ |   9 ___ 106 101  36 ___  94  82 ___ 125  88  23 | ___  32  41 133 137  53   2 140  52  96  28  35 |
| ___  62  88 ___  23 ___   9 125  82 101  61 ___ | ___  35  28  52 133 140   2 ___ 119 ___ ___  41 |  56 136 ___ 112  75  26 117  54  51 141 ___ ___ |  58  85 122 ___  70  63  40  17 ___  25 104  68 |  60 142 107   7 121  59  89  34 ___ 135 138 118 |  15  84  12 131 ___  90 ___ ___  55  72 ___ ___ | 105 ___  18 ___  19 ___  91 ___ ___  95 111 108 | ___  74  50  20 110  31 ___ 128 120  97   8 ___ | 114  44 116 ___ ___ 113  14 127 143  66  71 144 |  69  16  11  49   6 ___  83 ___ ___ ___  30  93 |  79   4  47  57  22  33  78  76 ___  80 ___  29 | ___ ___ ___  81  86  98  92 126 139 ___ 115  77 |
| ___  96 ___   2  52  41  35 ___ ___ 137  28 ___ |   5 ___ 131 ___ 100  15 ___ ___ ___  72 ___  90 |  60 ___  46  34 135 121 ___ 138 ___ ___ 118 ___ |  45 143 116 ___ ___ ___ ___ 144 ___ ___ ___  71 | ___ 103 108 ___  39 ___ ___  19   1  37 ___ 124 | ___  70  17  68  85 ___ ___ ___ ___  63  99  25 | ___  22  47 ___  48  33  78  29  76  79 ___  80 | 129 ___  93  30 ___  69 ___ ___  67 132 ___  49 |  26 136  51  75  65 ___ ___ 141 109  54 112 ___ | ___  23  94  36 106  42 ___  62 101 125 ___   9 |  77  64  38  86  98 130 ___ 102 115 126  81 139 |  20 ___ ___  10  73 ___   8 ___ 110  97  31  50 |
| ___  64  81  92 139  38  77 126 102 ___ 115  98 | ___  50  31 110 ___  74 ___  97 ___ ___ 123 128 | 100  15  12 131  55  84  21 ___ ___  72   5  27 |   9 ___ 106 ___  23 ___ 125  36  94 ___  88  61 | ___ ___ ___ 122  70  99  58  68 ___  43  25  85 |  24 ___  49  69  67   6  93  83  30 129  11 ___ |  66 ___ 116 127  71 143  14 114 ___  45 ___  44 | 103 ___  95  37  39 ___ 111  18 ___ 105 ___   1 |  52 140 ___ 119  35 ___ ___ ___  32  96 ___ ___ |  48  29  78  22  47 ___  13   4  57  80 ___  79 |  65  54  51 ___ ___ 109 ___  75 112 136 ___  26 | 135 ___ ___ ___ 142  46  59 ___ ___ ___  34  89 |
| ___ 132  83  11  16   6 ___ ___  30 129 ___ ___ |  42   9  61 ___ ___ 125  94  62  82 101  36 106 | 113  44 144 ___  87 114  14  66 116 ___ 143  45 | ___ ___  90  55 ___  72  15 ___  21   3 ___ 131 |  56 ___ 136  51  26 ___  65 ___ ___  75  54 109 | ___  52  53  28  32  41 ___ 133 ___ ___ ___  96 | 138  46   7 142  34 118  59 ___ 135  89  60 ___ |  86 126  77 102 ___ ___  81 ___ 130 ___  92  98 |  70  40 ___  43  58 104  99  63  85 ___ ___  17 | ___ 110 ___ 123 128 120  10  97  73 ___  20  50 |  95 105  18 ___ ___ ___  91  37  19 108 111  39 | ___  33  47  13  57  22 ___  80  29   4 ___  79 |
| 109  54 ___ 117  26  51  65 136 ___ ___ 112 134 | 118  89 ___ 121  60 107 ___ 138 135 142  46 ___ | ___ ___ 123  31 ___ ___ ___ ___ 128  73 ___ ___ |  79  33  47  76  29  57 ___  22  78 ___  13 ___ |  83 129  24 ___  16  11  93  69  49  30 ___ ___ | ___ ___ ___ ___ 124 ___ ___ 111 ___ ___ ___ 105 |  62 ___ 106 101  61  42 ___ ___  82   9 ___ 125 |  63 ___  58  43  70  68 ___ 122 ___ ___  99 ___ | 139 126  38 102  77 ___  92  86 ___  64 115  98 |  71 114  14 144 116 143 ___  66 127  44  87  45 | ___ ___  41 137  53  32 ___ 119  28 ___ 133  52 | ___   5  90 100  72  12 ___  15  84   3 ___  27 |
|  85 ___ 104  99  70 122  58  40  43  63  68 ___ | ___ ___ ___ ___ 113 ___ ___  66  87 127 144 ___ |  13 ___  22  48  76  29  78   4 ___  57  33  79 |  89 118 ___ 135 121 142 107 ___ ___ 138  60  34 |  81  86 126  38 ___ ___ ___ 115  98 102  64 130 | ___ ___ 134 112 109  51 ___  56 ___ 141 ___  54 |  97 123 ___  73  31 120   8 110 ___  50  10  74 | 137 ___  35 119 ___  28 133  41 ___  96   2 ___ |  39 108  18  37  95 ___ ___ 103 124 ___  19 ___ | 131  84 ___  12  90   5 100   3 ___ ___  55 ___ |  93 132   6 129  49  67  11  30  69 ___  83  16 |  82 ___ 106  88 101  36  94 125  23  62  61   9 |
| 124 105 111  91  39  18  95 108 ___ 103  19   1 |  33  79  48  29  13  80 ___   4  76 ___  22  47 |  88 125  36  61 ___  23  94 ___ ___ 101  42   9 |  50 120 128  20 ___  73  74 123   8 ___  10 ___ | 133 ___ 140  41  52 ___  35  28 ___ 119  96 ___ | 126 ___  98 115 130  38 ___  81 102  86  92  64 | ___  12 ___  72 ___   5  21  84 ___ ___ ___ ___ | ___ ___  65  75  26 112  56  51 ___  54 117 134 |  16  24   6 ___  93  83  11 129 ___ 132  69  49 | ___ ___  59  46   7 118  60 138 142 107 135  89 | ___ ___ 122  63  17  85  99  43  68  40 104  70 |  87 143 116 113 127 144  14  44 114  66 ___  45 |
+-------------------------------------------------+-------------------------------------------------+-------------------------------------------------+-------------------------------------------------+-------------------------------------------------+-------------------------------------------------+-------------------------------------------------+-------------------------------------------------+-------------------------------------------------+-------------------------------------------------+-------------------------------------------------+-------------------------------------------------+
|  47 ___ ___ ___ ___ ___  80 ___  91 105  13  39 |  38 126 ___ ___  48  79 102  86  78   4  29 ___ |  61   9 ___ 133 ___  53 119 137 ___ ___  41 ___ |  24   6 120 ___  49  97 ___ 110  30 129  31 ___ | ___  96 ___  32  12  55  15 100  52   2  72  90 |  77 ___ ___  10 128 ___  74 115  92  64  20 ___ |  63  84   5   3 104 122  43  17 ___ ___ ___ ___ |  54  65 ___ 117  46 ___ 112 109 ___ 142 135 ___ |  36  93  67  11 125 ___ ___ 132 106 ___  88  16 | 111   1 ___ ___ ___  18  34 103 138  89  59 ___ |  44 ___  85 ___ ___ 116 ___ ___ 113  58  68 144 |  14  51 143  71 ___ 114  75  45 134 141 ___ ___ |
|  51 141  71  75 ___ 143 136  45  14  66 ___ 114 |   7 ___ ___  46 112  65 ___ 142 117 ___  26 ___ | 115 ___ 139 ___  92 ___  20  73 ___  64 ___  74 |  80 ___ 124  91  22 ___  95 ___ ___  57 ___  13 |  31  97  50 120  49  30  24  83 110   8 129   6 | ___ ___ ___ 111 ___ 118 108 ___  59 ___  37 103 | ___  16  67 132  88 106  82  36  11 ___  69  93 |   3 ___  40 ___ ___ 104 131   5 122  63 ___  84 |  98  79  33  78 ___  48 102   4  38 ___ ___  29 | 113 144  87  70  85 116  68 127  25  58 ___ ___ | 140 137 ___  62  23  41 119  94 133 ___ ___  53 |   2  90  32  28 ___  52  55  35  12  72 100 ___ |
| 128 ___ 115 ___ 123 ___ ___  77  92  64  10 ___ | ___ ___  83  49  31  50  30 129   8 ___ ___ 120 | 131  27  84 104  21 ___  43  63   5 ___ 122  40 | 140 ___  42  94  53 ___   9  23 119 ___  61 133 |  68  25  58 ___ ___  87  44 ___  70  99 127 116 |  93 ___  16  88 ___  67 ___ ___  11 132  82 101 | 141 ___ 143  66 ___  51  75 134  14 136 ___  45 | 105  95  80 ___ ___ ___ ___ ___  47  57  76  39 |  12  35  32   2  15  28 ___  96  90  72 100  52 |  81  98 ___  29  33  38 ___ ___ ___  79  78 126 | 107 142 109  54  26 ___ 135 117  60  65 ___ ___ | ___ ___ 118  34 138 121  37 ___   1 103 111 108 |
|  18 ___  34  37   1 118 108 ___  59 138 111 121 |  47  80  13  22  19  95  76  57  91 ___  39 124 |  69  93  16  88 ___  36  82 101  67 ___ 106 125 | ___ 128 130  92 123  64  77 139  20 ___ ___  10 |  61  62   9  42  53 119 ___ 133 ___  94 137  41 |  79 ___  29 ___  38  33 ___ ___  78   4 ___  86 |  72  52 ___  96 100  90 ___  12   2 ___  28  35 |  66  45 136 ___ 134  56  71 143 ___ 141  75 ___ | ___ ___ 120   8  24  31  30 ___   6 129  83 110 |  60 ___ 135  26 109   7 112 ___ ___  65 117 107 |  40  63   5   3 ___ ___  43  21 104 ___ 131  17 | ___ ___ ___  68  25 ___ ___  58 144 127 113  44 |
| ___ 137  61 ___  53 ___ ___   9  94  62 133 ___ |  90 ___ ___ ___ ___  35 ___  72   2  96  52 ___ | ___ ___ ___  60 117  46 135 142 ___  54   7 107 | ___ 116  85  99 144 ___ ___  70  87 127  68 113 |  34 138 ___ 118   1  37 ___ 111 121  59 103  18 | ___  17  84 104 ___   5  40 131  21   3  43  63 |  57 ___ 124 105  13  47  76  22 ___ ___  19  95 |  97  50 ___ ___  49  83  31 ___   6 ___  30 110 | 134 ___ 143 ___ 136  71 ___  66 ___ 141 ___ 114 | ___ ___  82  16 ___ ___  69 ___ 132  93 ___ 125 | 126  86  33 ___ ___ ___ ___  78  81 ___  48  98 | ___ 128 ___ ___  64 139 ___  77 123  73  10  74 |
| 122 ___ 131  43  17   5  40  27 ___   3 ___  84 | 116  44 ___ 144  68 ___  87 127  99  25  70 ___ |  19 ___  39 ___  91  22  76  57 124 105  47  80 | 107   7 109 117  46  54 ___  26 135 142 ___  60 |  48   4 ___  33  98 ___ ___  81 ___ ___  86  38 | ___ 134 114  56  51 ___ ___  71  14 ___  75 ___ |  73 139 130  64  10 128 ___ 123  92  74 115 ___ | ___ ___ 140 ___  53 133  61  42 ___ 137 ___  23 | ___  89 ___ ___ 108  34  37 138  18 103 ___ 121 | 100  12  55 ___ ___  90 ___  72  96 ___ ___ ___ | ___ 129 120 ___ 110   6  30 ___ ___  50 ___  49 | ___ 106  67  69 132 ___  82  93  36 101  88 125 |
|  38  86  48 ___  98  33 ___  79 ___ ___ ___ ___ | ___ ___ ___ 123 ___  77 ___  73  92  64 139 130 | ___  35  52 100 ___  12 ___  72  32 ___  90  15 | 125 ___ ___ ___  36 ___  93  16  82 ___ ___  88 | ___   3  27 ___  17  43 ___ 104 ___  21  63 122 |  50  49 110  83   6 ___  24 ___ ___  97  30 129 | 127 ___  85 ___ 113 ___  87 144 ___  44  68 ___ | 138  89 108 ___   1 111 ___ 118  18 ___ ___ ___ | ___   9  42  94 140  61 119 ___  41 137 ___  23 |  13 ___  76  39 124  47  19  57 ___ ___  91 ___ | 136 141 143 ___ 114  51  75  14  56  45 ___ 134 | 117   7 ___ 112 ___  26 135  65 ___ ___ ___ ___ |
|   7 ___ ___ ___  46 ___ 107  65 117 ___ ___ ___ | ___ ___ 111 ___  34  89  37 103  59 138 121 ___ |  31 ___ 110  83   8 ___  30 129 120  97   6  24 | ___ ___  33 ___ ___   4 ___  29 102  86  48  81 |  69 132  93  67  36  82 125  88  16  11 101 106 |  95  22 ___  13  47 124  80  19 ___ 105 ___  57 | 137  23  42  62 133  41 ___ ___  94 140  61   9 |  25  58 ___ ___ ___ 113 ___  85 ___ 127 ___ ___ | ___ ___ 130  92  74 115  20  64 128  73 ___ 139 |  56 134  75 ___ 143  51  71 141  66  45  14 ___ |  15  72 ___ ___  52  90  55   2 100  35  28  12 | ___ 122   5 131   3 ___  43 ___  17 ___ 104  40 |
|   6 129  31  30  49 120  24  50   8  97  83 110 | 106 125  88  36 ___  93 ___ ___  11 ___  16  67 | ___ ___  70 ___  99 144  87 ___ ___  25 ___  44 |  15  90  32   2  12  96 ___ ___  55  72 ___ ___ |  71  66  45 143 134  75 ___  56 ___  14 141  51 |   9  53  23 ___ ___  42 140  61  94  62 ___ 137 | 142 ___ 109  54  60   7 135  46 117 ___ ___  65 |   4  79 126  78 ___  81  48 ___  38  86 102 ___ |  17  27   5  21  40 131  43   3 ___ ___ 104 ___ |  10 123 ___ 139 130 128 115  73  64  77  92  74 | 108 103 118 ___ 121  18  37  59 111  89  34 ___ |  91  47 124 ___ 105  39 ___ ___ ___  57  13  80 |
| ___ ___  69  82 ___  67 ___  93 ___ 132  88  16 |  41 140 133  53  61   9 119 137  94  62  23 ___ |  71  45 ___ ___ ___ 134  75 141 143 ___  51 ___ | ___ ___   5  21  17   3  27  84  43 ___ ___ 104 | 112  54  65 ___  46 135 ___ ___  26 ___ ___   7 | ___  12  52 100  90 ___  15  28   2  96  55 ___ | 103 121 118 138 111  18  37   1  59 108 ___ ___ |  64 ___  74  92 123 ___ ___ ___ 128  73  20 ___ | 144  58  85 ___  44  68  87  25 116 127 113  70 | ___  49  30 110 120   6  31 129  97  50 ___  24 |  80 ___ 124 105 ___  47  76 ___  13 ___ ___  22 | ___ ___  33  48   4 ___ ___ ___ ___  86  81 126 |
|  90  72  28  55  12  32  15  35   2  96 ___  52 | 122 ___ 104  17 131  27  43  63  21   3  84 ___ |  34 ___ ___ 111  59   1  37 ___ 118 138  18 108 | 136  51 ___  14 134  66  45 114  75 141 ___  56 |  19 ___  95 124 ___  76 ___  13  39  91  57  47 |  58 ___  70 113 116  85  44  68  99  25  87 127 |  86  29  33   4  81  38 ___ ___  78 126  48 ___ | ___ ___ 125  11  36  88  69  67 106 ___  82  16 |  46 ___ 109 ___ 107 ___ ___ ___   7 142 ___  26 | 133  53 ___  23 ___ ___  61 ___  62 ___ ___ ___ |  74  73 130  64 139 128 ___  92  10  77 ___ 123 | ___   6 120 ___  97 ___  30 ___ ___ 129  83  24 |
| ___ ___  68  87 144  85  44  58 ___  25 113  70 |  51 136  56 ___ ___  45  75 ___ ___ ___ 114 ___ | ___ ___  29 ___  78  98 102  86  33   4  38 ___ | 108  18 ___  59   1 138  89 ___ ___ 103  34 111 | 115  64 ___ 130 ___ ___ ___  10 139  92 ___ 128 |  65  46  26 ___   7 109 ___ 112 117  54 135 ___ | ___ ___ 120  97  83   6  30 ___ ___  24  31  50 |  96  35  15 ___  12 100 ___ ___  90  72  55 ___ |  22 ___ 124 ___ ___ ___  76 105  47  57  13 ___ | 104  17 ___  84   5 122 131  63 ___ ___  21  40 | 125 101  67 ___  16 106  82  11 ___  93 ___ ___ |  94 ___  42  61  62  23 119 ___ ___ 137 133 ___ |
+-------------------------------------------------+-------------------------------------------------+-------------------------------------------------+-------------------------------------------------+-------------------------------------------------+-------------------------------------------------+-------------------------------------------------+-------------------------------------------------+-------------------------------------------------+-------------------------------------------------+-------------------------------------------------+-------------------------------------------------+
| 131  84  21   5  40 100   3  72 ___  12 ___ ___ |  68 ___  87  44 ___  63  85  70 122  17  58 104 |  91 ___ ___  76  18  80 ___ ___ 111   1  19 ___ |  54 112  56  51 ___ 134 141 ___ 109  26 117 135 | ___  22  57  13 ___  33   4 ___  79 ___  29  48 | 127 ___  45  75  71 ___  66  14 116 144 143 ___ | ___  77  81 ___  20 115 ___  74  38 ___ ___  86 | ___ 101  62 106 140 119  94  88  61 ___  42   9 | ___ ___  60 ___ ___  59 118 ___ ___ 121 ___  89 |  55  15  32 ___ 133  28   2  52  53 137  41 ___ |  97 110  10 123  50  31 120 128 ___ ___   8  24 |   6  69  83 ___  49  93  67 ___ 125 ___  82 132 |
| ___ 139 ___ 130 ___ ___  64 ___  38  98 ___  77 |  31  97  30  24   8 ___ 120 110 128 123 ___  10 |  21  72  27  43  90  40 ___  84 100  12 131   3 | ___  61  88 106 140  36 101   9  42 ___  94 ___ |  99  17  63 104  44 ___  25 ___ ___ ___  70  68 | 129 125  93  82  69  83 132  11 ___  49  67  16 | 114  45 113 144 ___  71 143 ___ ___  66 ___ 127 | ___ 103 ___ ___  80  76 ___ 111  19  39 ___  95 |  15 137 133  41 ___ ___ ___ ___ ___  52  55  35 | 102 126  33  79  13 ___  78 ___  22  57  47   4 |  54 ___ ___ ___  65 112 109 ___ 135 141 117 107 |   7  34  60  59  46 ___ 118 142 108 ___ ___ ___ |
| ___ ___  78  33 126  13   4  57  47  22 102 ___ | 115  64 ___  74  92 ___ 130 139  38 ___ ___  81 |   2 137  35  55  41  15  32  52 133 ___  28  96 | 132 ___  83   6 125  49 ___  93  67 ___  11  82 |  21 ___  72 100  40   5   3  43  27 ___  84 131 | ___  24  50  30  31 ___ ___ ___ 128 ___ ___ 110 | ___  58 ___  17 ___  68  85 ___ 122  25  99 ___ |  46 ___ 138   7 ___  37  59 ___  34 121 ___  89 | 140 101  88 106  62 ___  42  36 ___  23 119   9 | ___  80 ___  95 ___  19 ___  39   1 ___ ___ ___ |  66 114 113 144  45  71 143 116 ___ 127 ___ 136 |  51 ___  56 117 134  65 ___ ___ ___ ___ 135  54 |
|  19  39  91 124  80 111 ___ ___  18 ___  76  95 |  48 ___ 102 ___ ___  57  33 ___  47 ___  79  13 |  94 101   9 ___ 106 ___  42  23  88  36  61  62 |  97  31 ___ 128 ___ 123  73 ___ 120 ___   8  30 |   2  53 137 133  15  32 ___  55  35  41 ___  28 | ___ ___ ___  20 115  81 ___ ___ ___ ___ 130 139 | ___  27 100  12  43 131 ___  40 ___   3 ___ ___ | 134 ___  54  51 107 135 117  56 112  26 ___  65 | 125 ___  83   6 132  11  67 ___  69  16 ___ ___ | ___ 108 118 ___ ___  34  59 121  46 142   7 138 | ___  70 ___  17 ___ ___  85 122  87  63  99 ___ | ___  71 113  14 144  45 ___ ___ 136 114  75  66 |
|  68  70 ___ ___ ___ ___  25  63 122  17 ___  58 | ___  66 ___ ___  14 127 143 114 116 ___  45 ___ |  78  57  79 102 ___ ___  33  29  13  22  48   4 | 138  34 ___   7 108  46 142 ___ 118 ___  59  37 | ___  98 ___ ___ ___ 130  64  20  77  38 139 115 | ___ 107 ___ 135 112  56 ___ 117  51 ___ ___  26 | 110  50  10 ___ ___  31 120  24 128  97 ___ ___ |  53 137  96  41  15 ___   2 ___  28  52 ___  35 |  80 103 ___  18 105  91 124   1 ___  39  76  95 |  43 ___ ___  27 100 131  21 ___  12 ___  90 ___ | 132 ___ ___  49  93  69  67   6 ___ ___  11 ___ | 106  61  88  94  36 ___ ___ 101 140  23 119  62 |
|  31 ___   8 120 ___  10  97  73 128 ___  30 ___ |  69 132 ___ ___ ___ ___  67  16   6 ___  93 ___ | ___  63  58 ___ 122  44  85  70 104 ___  68  25 |  96 ___ ___  41  15  53 137 ___  32  52   2 ___ |  14 144 127 113 136 ___ ___ ___ ___ 116 114  71 | 101 140 ___ 119  61  88  62  94 ___  36  42  23 |  26  65  56 134 135 ___ 109 107 ___  54 117 ___ |  22  57   4  47 ___ 102  78  13  48  29  33  79 |  40  72 ___ ___ ___ ___   5  12 131  84  43 ___ |  20  74 130 ___  81 ___  92 139  98  86  38  64 | 138 121  60  46  89 ___ 118   7  37 142 ___ 108 | ___  19 ___  91   1  95 124 ___  80 ___ ___ 105 |
|  61  23  94  42 140 ___  62 101 106  36 119   9 | ___ ___  55 ___   2 ___  32  52  41 ___  35 133 | 117 141  65 135  51 107 ___ ___ ___ 134 112  54 |  25 ___ ___ 122  44  17 ___  58 ___ ___ ___  87 | ___ ___ 142 ___ 108 118 138  37  89   7 121  34 |  72 ___  27  43 ___ ___   3  21 ___  12   5 ___ |  39  95 ___   1 ___ ___ 124  80  18 105 ___ ___ | 123 ___  97 128  24 ___ ___ ___ ___ 110 120  50 | 136 127 ___ 116  66  14 143 ___ ___ ___ ___  45 |  82 125  67 ___ ___  69 ___ ___ ___ 129   6 132 |   4  29  13  22  79  48  33 ___ 102  57  78 126 |  38 ___  81  92 ___ ___ 130 ___  74 139  20  64 |
| 112 ___ 117 109 ___  56  54 141  51 134 ___ ___ | ___ 138 ___ 108  59 142 ___ ___   7  46  89 ___ |   8 ___  50 ___ 128  24 120 ___ ___ ___  31  97 | ___  48  13 ___ 126  22  57  79  33 ___  78 102 |  11 ___ 129  83 125  67 132  82  93   6  16 ___ | 103  80  95 ___ ___ ___ 105  91  18   1 124  39 |  23   9  88  36 119  61  42 ___ 106  62  94 101 |  17 ___  25 122  44  87  99 ___ ___  70  85 ___ | ___  86 ___  38  64  92 130  98 ___ ___  20  77 | ___ 136 143  45 113  71  14 ___ 144 127 116  66 | ___  52 ___  53 ___  28 ___ ___  55 137   2  15 |  90 ___ ___  21  12  27   5  72 ___ ___  43   3 |
| ___ ___  11  67 125  83 132 129   6 ___  82  93 |  61 ___ 119 140 ___ 101  42  23 106 ___   9  88 |  14 127  45 ___ 116 ___ ___ 114 ___ 144 ___  66 | ___ ___ ___  90 ___  12 ___ ___   5  84  21 ___ | 117 134 141  56 107 ___  54 135  65  51 ___ 112 | 137  15  35 ___ ___ 133  96   2  41 ___  32  52 | ___ ___  60  46  37  34 118 108   7 138  59 ___ |  98  86  64 ___  74  20  92  81 ___ 139 ___ ___ | ___  63 104 ___ ___  99  85  17  68  70 ___  58 |  30 ___ ___  50  10  31   8 ___ ___  73 128  97 | 105  39 111   1  95  19 124  18  76 103  91  80 |  47 ___  13  78  22  79 ___ ___ 126  29 102   4 |
|  28  52   2 ___ ___ 133  96 137  41  53  55 ___ | ___   3  43  40  21  72   5  84  90 ___  27 100 |  59 142 ___  37   7 108 ___ 121 ___ ___ ___ 138 |  66  71 113 ___ 136 ___ 127  45 143 114 ___  75 | ___ ___ 103 ___  80 ___ ___ ___  95  18 ___  19 | ___  44  58  87  68 ___  25  99 122  17  85  70 |  29  79  13  22 ___ ___ ___ ___  47 ___  78 ___ |  49 ___ 132 ___ 125  82 ___  83 ___  16  67  93 | 107 141  56  51  54 117 109 134 112  26 ___ ___ | 119 140  42   9  88  61  94  23  36 101 106  62 | ___ 139  81  98 ___ 115 ___ ___ ___ ___  92  74 | ___  31 ___   8 123  50 120 ___ ___ ___  30 ___ |
| ___ 114 ___ 143 136 113  66 127 116 144  75  45 | 112  54 135 107 117 141 109  26  51 ___ ___  56 | ___  86  77  20  38 ___ ___ 139 ___ ___ 115  64 | ___  19 111  18 ___   1 103  95 124  39  91  76 |   8 ___  73  10  24 120  97  30  50 ___ 110  31 | 142 ___  89  37  34  60 138  59   7 ___ 118 ___ |  16  93  83  49  82  69 ___ ___   6 ___  11 ___ | ___  72   3  90  40  43  21 100 131  84 ___  27 | 126  57 ___ ___   4  78  33  22  48 ___ 102  79 |  87  44  85  58 104  68  99 ___  17  63 122 ___ | ___ ___  88  36   9  61 ___ ___ 119 ___  94 140 |  41 ___ 133   2  53  35  32 ___  15  52  55  96 |
|  34 121 ___ 118 108  60 138 ___   7  46 ___  89 |  19 105  76  80  91 103 124 ___ ___ ___ ___ 111 |  11 129  93  82   6 125  67  16  83  49  69 132 |  64 ___ ___  38  74  98  86  77 130 ___  92  20 | ___  36 101  88 140  42 ___ 119 ___ 106  23  61 |  57 126  79 102  48  13   4  78  47 ___  33  29 |  52  35 133  53  55  28 ___ ___  41  96   2 137 | 144 127 ___ 116 ___  75  14 113  71 ___ 143  45 |  24 ___  10 ___  97   8 ___ 123 ___ 110  30  50 | 135 107 ___  65  56 112 117 ___ 134 ___  51  54 |   3 ___ 100  12 ___ ___ ___  90  43  72  21  40 | 122  68 104 ___  17 ___  85 ___  44  70 ___  25 |
+-------------------------------------------------+-------------------------------------------------+-------------------------------------------------+-------------------------------------------------+-------------------------------------------------+-------------------------------------------------+-------------------------------------------------+-------------------------------------------------+-------------------------------------------------+-------------------------------------------------+-------------------------------------------------+-------------------------------------------------+
|  80  47 105  39  13  95  76  91 ___ ___  57  19 | ___ ___ ___  81   4  78  29  38 ___  33  48 ___ |  62  94  61 ___ ___ 133  23  41   9  42 ___ 119 | ___  24 ___ 123  83 ___   8  31 ___ ___  97 ___ |  96  32   2 ___ ___ ___  55  72 ___  53  90  15 |  92  10 ___  73  74  77 ___  64 ___ 130 139 128 | ___ 131  27   5 ___  40 ___ 104  12 ___ ___  21 | ___ 117 135 ___  60 142  54  65 107   7  26 112 |  88 ___  93 ___  82 132  16 ___ ___ ___ 101  69 | ___ ___ ___  34  89 108 138  18 118 ___  46  37 | ___ 116  58  85  68 ___  70  17 127 ___  25 113 | ___ 136  45  66 143  71 ___  14  56  51 141  75 |
|  44 116  25  70 113  58 ___  99  17  85 127  68 | ___  75 141  56 ___  14 114  51 144 143 ___  45 |   4 ___  48  86 ___ ___ ___  38  79  33 ___ ___ |  37 108  89  46 111 118 ___  34 ___  18 138 103 |  64 130 ___  77 ___ 139  20  73 ___ ___ 128  74 | 117  60 112 142 ___  65 135 ___ 134 ___  26   7 |   6  31  50 120 129  24 110  83 123 ___  97   8 |  32 ___  55  53 ___  72  96  35 ___  90 ___ ___ | ___  91  95 ___ ___ ___ ___ 124  80  47  57  19 |  63 104 ___ ___ ___ ___ ___ 122   5  21  12  43 |  82 106  93 ___  69 125  16  49 101  11 132  88 | ___ 140   9  62  42 ___  23  94 133  41 137 ___ |
|  24   6 ___ 110  83  50  30   8 123 120 129  31 | ___  82 ___ ___ 132  11  16 ___  49  67 ___  93 |  25  99 ___ ___ ___ 113  70 ___  58  85  44  87 |  55  15  35 ___ 100  32   2  28  52  90  96  72 |  66 ___  14  45  56 114  75 141 ___ ___ ___ ___ |  94 133 ___ 137 140 ___ 119  62 ___  42  23  41 |   7 ___  65 ___ ___ 107  26  60 134 ___ ___ 117 | ___ ___ ___  22  81  86 ___ ___ ___ ___ ___  48 | ___  21  27  12 ___   3  84 ___  40 122 ___ 131 |  73  10 139 ___ ___  74  64 128 ___  92 ___  20 |  37  18 ___ ___ ___ 108 121 ___ 103 ___ 138 111 | ___ ___  95 105 124  19  39 ___  13 ___  57  76 |
| ___  90 ___  52 100  35  55 ___  53 ___  72  28 |  40  43 ___ 104   3  21 ___ ___  12 ___ 131  27 | ___ ___  34 103 ___ ___ 121  18  89 118 108  37 |  75 ___  45 144  56 143  14  71 114  51 ___ 141 | ___ 124  91  95 ___  39  76  57  19   1 ___  80 |  99 ___ ___ ___  44 ___  87  25 ___  85  70 116 |  38  48  79  33  86 126  29  81  22 102 ___  78 | ___ ___  82 ___ ___ 101 ___ ___ 125 ___  16 ___ |  60 ___  65 134 135  54 ___ 109 ___   7 142 112 | 137 ___  23  61   9 140 ___  41  42 ___  36 119 | ___ 128  77 130 ___  74 139  98  73 ___ ___  10 | 123 ___  50  97 120  31 ___   8  83   6 129 ___ |
| ___ ___ ___  84 ___  27  43  21  12   5  63 131 | ___ ___ ___ ___  25  99  70 116  17  85  68  58 | 105 ___  19  57 ___  13  39 ___  95 ___  80  76 | ___ ___  65 134 ___ 109 117 112 ___ ___ ___ 142 |   4  33  78  79 ___ ___ ___  86  48  22 ___ ___ |  14  56  71 141 136  45  75  66 144 ___ ___  51 | 128 ___  77 130  73  74 139  10  98  20 ___  92 |  42  94 119  36 133 137  62   9 140  41 ___  61 | 111  59  89  46 ___ 138 ___ ___ 108  18 ___ ___ | ___ ___  52 ___  35  15 ___ ___  32   2  53  55 | ___   6 ___ 120  31 ___ 110 123 129 ___  97  83 |  49 ___  93 132  67  69  16  11  88 106 ___ ___ |
| 126  38 ___ ___  81  79 102 ___  22  33  86  48 | ___  20  73 ___  64  92 139 128 ___ 130 115  77 |  96 ___  28  72 ___ ___  52  90  35  32  15  55 |  82 125  93  49  88  67 ___  69  16 ___ ___ 101 | ___ ___ ___  27 104 ___  43  63 131  12 ___ ___ |   8  83  31 129 ___  50  30  97 123 ___ 110   6 | 116  68  58 ___ 127  44  70 113  17 ___  25  99 | 118 ___ ___  46 111 103 138 ___ 108  18 ___ ___ | ___  94   9  36 119  62  23  42 140  41 ___  61 |  57  13  39  19  95  80 105  47 124  91 ___ ___ |  75  51 ___ ___ ___ 136 114 ___ 141  14  66  56 | 134 107  65  54 109 112 ___ ___  60   7 ___ 135 |
| 140  41 ___  23 133   9 119  94  36  42 137  61 | ___ ___  72 ___  96   2  52 ___ ___  32  28 ___ |  54 117 112 142 134 ___  26   7  65 109 107 135 | ___  44  58  17 113  85  99 ___  70 116  25 ___ | ___ 118  59  89 111 ___  37 ___  34  46  18 108 |  21 104 131 ___ ___  27 ___   3  12   5  84 122 | ___  19 ___ 124 ___ ___  39  13   1  76 ___ ___ | 120 ___  30 123 ___ 129 ___ ___  24   6 ___  31 |  56  14 ___ ___  75  66 ___ 143 136  51 141 ___ | 101  88  16 ___ ___ 125 132 106  67  11  49 ___ | 102 ___  79  33 ___ ___  29  22  86  78   4  81 |  98  74 ___  64 130 ___ 139 ___  10 ___ ___  20 |
| 107   7  54  26  60  65 135 ___ ___ 109 ___ 112 | 108  37 103 111 ___ ___ ___  18  46 ___  34  89 |  97   8  31 ___ 123  83 110   6 ___ 120  24  30 | 102 126 ___  22  81  33 ___ ___  29  38   4  86 | 132 ___  11  93  88 ___ ___ ___ ___  49 106 125 |  91  13  19 ___ ___  95  76 ___   1 124 ___  47 |  41  61   9 ___ ___ ___ ___ 133  36 119  62  94 |  85  99 ___  17 113 127  25  58  44 116 ___  68 |  10  92  77  98  20  64 139 130 ___ 128  73 ___ | 141  56 114  71 ___ 136  66  51 143  14 144  75 | ___  90  35 ___  28 ___  52  53  72   2 ___ ___ | ___  40  27 ___   5 131  84 ___ ___ ___  63  43 |
| ___  51 ___ 114  56  45  75 ___ ___ 143 141 ___ | 107 ___ 142 ___  54 117  26 ___ 134 109 112 ___ |  64 ___ 115  73  98  10 139 ___  77 130  74  20 |  76  80  95   1  13 124  91 ___  39  47 105 ___ |  97 120   8  50  83 110  30 129 ___ 123 ___  24 |  59 111  34 103 108  89  37 138  46 ___ 121 ___ | ___  69 ___  67 101 125  16  88  49 ___ 132  11 |   5  21  43  12 104  63   3 ___ ___ ___  84 131 |  81  78 ___  22 102   4  29  33 126  38  86  48 | 127 113  70  68 ___  44 ___ 116  85  99  17 ___ | 119 ___ ___  42 ___ ___  23  36 ___  94  62 ___ |  53  15  35  96  32 ___  52   2 100  90  72  55 |
|  74 128 ___ ___  10 ___  20 ___  98 130 ___ 115 | ___  30 129  83  97   8 ___   6 123 120  31 ___ |   3 ___ 131  63 ___ 104  84 ___  27   5 ___  43 | 119 140   9  36 ___  42 ___  61  23  41  62 137 | ___ ___ ___  58 113  70 ___ ___  68  17 ___  44 | ___  88  69 101 ___  93  82 132  49 ___ ___ 106 |  51  71  45 143 ___ 136 114  56 144  75  66  14 | 124 ___ ___   1 ___  57 105  95 ___ ___  39  19 | 100 ___ ___  53  55  96  52  32  15  90  72  28 |  86  81  29  48  79 126   4  38 ___  78 ___ ___ | ___ ___  65 109 112 107  26 134 142 117  54  60 |  46 108 ___ 138 118 ___ 121  59 111  18 103 ___ |
| ___ ___ 132 ___  88  93 ___ ___  49 ___ ___  69 | 140 ___ ___ ___  62 ___  23 ___  36  42  61   9 |  66  14  71 141 144  56 114  51 ___ ___ 136  75 |  43  40  27  12 ___   5  21 131  84 122   3  63 |  54 109 117  65 ___  26 135 142 ___ 134 ___ 107 |   2 100  28 ___ ___ ___  55  96  53  32  52  90 |  18 ___  89 118 103 ___ 121 111  46 ___ ___  59 | ___  92 ___  98 ___ ___  64  77 ___ 128 ___ ___ | ___ ___ ___  17 ___  25  70  85  44 ___ ___ ___ | ___  83 110  31  50  24 ___ ___ 120 ___ ___  30 | ___ ___  95 124  19  80  39   1 ___ ___ 105  13 |  22 126  79   4  33  48  29  78  81  38  86 ___ |
| 108  18 138 ___ 111  89  37  59  46 ___ 103  34 |  80 ___  57  13 105  91  39  47 ___ ___  19  95 | 132  11 ___ ___ ___ ___  16 ___  93  67 ___  82 |  20  74  77  98  10 ___  92 115 139 128  64  73 |  62 ___  94   9 ___ ___ 119 137 ___ ___  41 140 |  78 ___ ___ ___ ___  79 ___   4  22  33  29 ___ |  90  28  35 ___  72 ___ ___ ___ ___  55  96   2 | 143  14 ___ 144 ___ 141 ___  45 136  51 114 ___ |  83 ___  50 ___  30  97 110 120  24 ___ 129  31 | 142  60  26 ___ ___ 107  54   7 109 117 134 135 |  43 122  27   5 ___  40  84  12 ___  21   3 104 |  17  44  58  25  85  68 ___  99 ___ ___ 127  87 |
+-------------------------------------------------+-------------------------------------------------+-------------------------------------------------+-------------------------------------------------+-------------------------------------------------+-------------------------------------------------+-------------------------------------------------+-------------------------------------------------+-------------------------------------------------+-------------------------------------------------+-------------------------------------------------+-------------------------------------------------+
|  72 ___  52  15  21 ___  90 ___ ___ ___ ___  55 |  63 122  17  99  84   5  40 104  27 ___  43   3 | ___ ___  37   1 ___  91 108 111 138  34 103 ___ |  51 141  66  45 117  71 143 ___ ___  56 114 ___ |  39  19 124 105 ___  80 ___  22  76  95  13  57 |  85 ___  87 ___ 127 ___ 116 ___  58  68  44 113 |  81 102   4 ___  98  86 126  92  79  38  29  33 | ___ ___ ___ ___  94  36  16 ___ 101  88 125 ___ | ___ ___  54 ___   7  26 107 112 142 ___  46 135 | ___   2 ___ 119  62 137 ___ 133  61  42   9  41 | 128 ___  64 115  20  73 ___  77 123 130 ___   8 |  50 129  97 110  31  30  24 120  11  83 ___ ___ |
| 127 ___  70  44  14 ___ ___  85 ___  68 144  87 | ___  51 134 117 114 ___ ___  56  45  71  75  66 |  29  33 102  98 ___ ___ 126  81 ___ ___  86  38 | ___ ___ 138  89  91  34 118  37 108 111 121   1 | 139 115 130  64   8  74 ___ 123  20 ___  10 ___ | 109  59 ___  46 142  54   7 ___  65 112 107 ___ |  83 ___  97  31  49 ___  24  11  50   6 ___ ___ |  28 ___  90 ___  21  12 ___ ___ ___ ___ ___  55 | ___ ___ 105  95  47 ___  80 ___  57  13 ___ ___ |  17  99 ___  43 ___  63 ___ 104 131   5  27 ___ | 106 ___ 132  69  82 101 ___  93  36 ___  16  94 |   9 137  62 ___  61 119 140 ___   2 133  53  41 |
| ___  10 139  74   8  64 128 130  77 ___ 123 ___ | 129   6  49  11 110 120 ___  83 ___  31  30 ___ |  84 ___  43  17  27  99 ___ 104   3 131 ___ ___ |  41 137  62   9 ___ ___  42 119 ___ 133  23  53 | ___ ___ ___  25  14 ___ 116 144  87 ___ 113 127 |  67  94  82  36 ___ ___ 106 ___  93  69 ___ ___ | ___ ___  66  71 ___ 141 136 ___  45 ___ 114 143 | ___ 124 ___  95  78 ___ ___ ___  57 ___  80  76 |  21 ___  96  35  90  52 ___  28  72 100  12 ___ |  98  92 126 102   4 ___  29  81  48  33  79  38 |   7  60  54 ___ ___ 142 ___ ___ ___ ___ ___ ___ |  89 ___ ___ 121  34 ___ ___ 118 ___ 111   1 ___ |
| ___ ___  84  40  99   3 122   5  27 ___  17 ___ | 127 ___ ___  14  70  85  44 113  58 ___  87 ___ |  39 124  76 ___  95  78  80  13 105  19  57  47 | ___ 142  54  65  59 112 ___ ___ ___  60 ___  46 |  29  48 ___   4 ___ ___  38 ___ 102  79  81  86 | 143 ___  75 134 141  66 ___ 114 ___  71 136  56 |  10  20 ___ ___ ___ ___  74   8 ___ 128 ___ 130 |  61  42  41   9 ___  53 ___  62 137 133 140 119 |  91 118 ___  89  18 121 ___  34 103 111 ___  37 |  12  21 ___  55  96  72  52 100  28  32 ___ ___ | ___  83 ___  31  30 129  24  50  49 120 ___  11 | ___ 101 132  16 ___ ___ ___  67  94  88  36 106 |
| 129 ___ 110  24  11 ___ ___ 120 ___ ___  49  30 | 101 106 ___  94 ___ ___ 125 ___  93  69  82 132 |  70  85 ___ ___ ___  14 ___ 113  25  68 127 116 | ___  72  96  35  21  28  32 ___  15 100  52 ___ | ___  71 143 ___ ___ 136 ___ 134 ___  45 ___ ___ | ___   2 ___  53 137 ___ ___  23   9  61 140 133 |  60 ___ ___ ___ ___ 142 107 ___  65 ___  26 109 |  48  33  38  79  92  98  29 ___  86  81 126 102 | ___   5 ___  27 122  84  40 ___ ___ 104  17  43 | 123   8  74  20  64  73 139  10 115 ___  77 ___ | ___ 111 138  34 ___ 103 108 ___   1 118 121  91 | ___  57 105 ___  19 ___ ___ 124  78  13  22 ___ |
| 101  88  16 ___ ___ 132 ___  67  93 ___  36 ___ | ___  41 ___   2  23  42 140 133   9  61 ___  62 | ___ ___  75 ___  45 117 136  56  66 ___ 141 ___ | 122  63   3  27  99 131   5  43  40 104  84  17 |  26 112 109  54  59 107   7 ___ 135  65 ___ 142 |  32  21  55  12  72  96 ___  52  35  28  15 100 | 111  37 138  34   1 103 ___ ___  89 ___ 121 ___ | ___ 130 128  77 ___ 123 ___  64  73  10 ___  20 |  14  85  25  58 116 ___ ___  68 127 ___ 144  87 |  49 ___  24  30  97 129 110  83  31 ___  50 ___ |  47  13 105 ___  76 ___  80  95  22 124  39  78 |  79 ___   4  29  48 102 126  33  92 ___  98  38 |
| ___  60 ___ 107 ___  54 ___ 109  65 ___ ___ 135 | 103  18 ___  91 121 118 108 111  89 ___  37 ___ | 110 120  30  49  50  11  24  83  97  31 ___   6 |  38 ___   4 ___  92  48  33 102 126 ___ ___  98 | ___  69  67 132  94 125 106 ___  82  93  88 101 | 124 ___  76  22  57 105 ___  39  95  19  80 ___ | 133 ___  62 ___  53 ___ 140   2   9  41  23 ___ |  68  85 116  58 ___ 144 ___ ___ ___ 113  44  87 | ___ ___  64 ___ 128 139  74 115  73 ___ 123  20 | 134 117 136  75  66 141 114 ___  71 143 ___ ___ |  90 ___ ___  28  55  72  15  35 ___ ___  52  21 |  27 ___ ___  84 131 ___ ___   5 ___ 104  17 122 |
| 103 ___ 121 108 ___ ___  18 118  89 ___   1  37 |  57  47  22  78  39 ___  80  13  95  19 ___ 105 |  16 ___ ___  36  93  94 125 ___ ___  69 101 106 | ___  73 ___  77   8 115 130  20 ___  10 139 123 |  23  61 ___  62   2 ___ ___  53 119   9 ___ 137 |  33  92 102 ___  86   4  38  29  79 ___ 126 ___ | 100  55  96  28 ___  72  15  21  35  90  52  32 |  71 143 ___  45 117 134 114 ___ 141 ___ 136 ___ |  11 120 ___ ___   6 ___  24  31 ___  83  49  30 | ___  59 107 ___  54 142  26  60 112 109  65   7 | 122 104 ___ 131  43  63  40  27  17   5  84  99 |  58 ___  25  70  68  87  44  85  14 113 144 116 |
|  57  13  39  80  78 ___ ___ 124 ___  19  22  76 |  86  38  98 ___  29  33 126  81  79  48 ___   4 |  23 ___ 119 ___ ___ ___ ___ ___  62  61 137  41 | ___ ___  97  50 ___  31 ___ ___  24 ___ 110  49 | ___  28  32  96 ___  15  90  12 ___ ___ ___  72 | 130 ___  20 123  73  64 128 139  77 115 ___  10 | 104  43   3 131 ___ ___  40  99  27 122  84 ___ | 112 109 ___  65 ___  46  26  54 142  60 107 135 | ___  67 132  93 106  16 ___  69 101  88 ___  82 |   1  91 108  37 ___ ___ 121 111 ___ ___ ___  18 | ___ ___  25  68 ___ ___  44  58 ___  85 ___  14 |  45 141  66 114  71 ___ 136 ___ 117  56 ___  51 |
| 141  56 114 136 ___ ___  51 143  45  71 ___  75 | ___   7 ___  59  26 109 107  60  65 ___ 135  54 | ___ ___  20 ___ ___ ___ ___  10 ___ 115  73 128 |  47 ___ 105  95  78  19 124  76 ___ ___ ___  22 | 110  31 120  97  11  24   6  49  30 ___ ___ 129 | ___  91 ___ ___ 103 ___  18 121  89 ___ 108 ___ | ___  82 132  69  36 101 125  94 ___ ___ ___  67 | 131   5 ___  27 ___ ___ ___   3  63 104  40  43 |  92 ___   4  79  38  29 126  48 ___  81  98 ___ | 144 ___ ___  87  25 127 ___ ___  68  85 ___ 116 | ___ 133  62  61 119 137 140   9  53 ___  23 ___ |  35  72 ___ ___ ___  55 ___  32  21 100  12 ___ |
| 137 133  23 ___ ___ ___  41  42   9  61  53 ___ |  72  90 ___  21  52  32  15 ___  35  28  55  96 |  26 ___ 135  46  65  59 107 ___  54 ___ 142 ___ | ___ ___  25 ___  14 ___ ___ ___  44 113  70 144 | 121  34 118 ___ ___ 108 ___   1  37  89 ___ ___ | ___  99  43  17  63 ___ ___  84  27 131 ___ ___ |  13  76 105 ___ ___ ___  80  78  95 ___  39 124 |  31 120 ___  50  11  49 110  97 ___  83 ___  30 | ___ ___ ___ ___  51 114 ___  71 141  56 134  75 | ___ ___ 125  82 132 ___  16 ___ ___ ___  93 106 |  38  81   4  48 ___  86 126  79  98  33  29  92 |  77  73  64 139 115 ___ ___ ___   8 ___ ___ ___ |
|  86  81  29 126  92   4  38 ___  79 ___  98 102 |  73 128 123   8 ___ 130  74  10  77 115  20  64 |  52  32  55  12  35  21 ___ 100 ___  28 ___ ___ | 106 101 ___ ___  94  69  67 ___ ___  88 ___  36 |  84 131 ___   3 ___  40 122 ___  43 ___ 104 ___ | 120 ___  30  49 ___  97   6 110  50  31  24  83 | 113 ___  25  68 144 127 ___  14  58 116  70 ___ |  34 118  18  89  91   1 121 138 ___ 111 108  37 |   2 ___ ___   9  41 ___ 140 ___ ___ ___ ___ 119 |  22  78 ___  76 105  57  39  13  19 ___ ___  47 | ___ ___  66  71 ___ 141 136  45 134 ___ ___ 117 |  65 142  54 ___ 112 135 107 109  59  60  46   7 |
+-------------------------------------------------+-------------------------------------------------+-------------------------------------------------+-------------------------------------------------+-------------------------------------------------+-------------------------------------------------+-------------------------------------------------+-------------------------------------------------+-------------------------------------------------+-------------------------------------------------+-------------------------------------------------+-------------------------------------------------+
| 138  34 ___ ___  37 ___ 118 ___ 107  60 ___  59 | 105 ___  39  76 ___  18  95 ___ 108 ___ ___ 103 |  49   6  11  16 ___  82  93  69 129 ___ ___  67 | 130 ___  86 126 ___  81  38  92  77 ___  98 139 |  36 ___ ___ 101 119   9 ___  23 ___ 125  61  62 |  47 102  78  29   4  57 ___  22  80  13 ___  48 |  28   2 137 133  52 ___ ___ ___ ___ ___ ___  41 | 113 116 143  44  75 ___ ___ 127 ___  71 ___  14 |  30 128  73  74 120 123  50 ___  97  31 110   8 |  26 135  65 117 141 ___ 134 112  56  51 136 109 |   5 ___ ___ 100 ___ ___  27  15 ___  90  12  43 |  40  25 ___  17 ___ ___  58 122 ___ ___  70 ___ |
|  96  28  53  35  55 ___  32 ___ 140 133  52   2 |   3   5  84  43  12  90  27 131  15 ___ ___  72 |  46   7  59 121 107  37 ___  34 ___ ___ ___ 118 | 143  66 ___ ___ ___ ___ 116  14  45  71 144 ___ | ___ 111 ___ 103  76  95 ___  39  91 108  19 105 | 122  87  99  70  25  63  85  17  40 104  58  68 |  48  78  57 ___  29   4  79 ___  80  33 ___  47 |  83   6 ___ ___  82 ___  49 129 132  69  93  11 | ___  51 ___ 136 109 134 ___  56  54 ___  26 117 | ___ 119   9  94 ___ ___  36  61  88 ___ ___  42 | 130 115  86  81 ___  64  77 126 ___ ___  98  20 |  74 ___  73 123 ___ ___  50 ___  30 ___ ___ 120 |
| ___ 115  98  77 ___  86 130  38 126  81 ___  92 | ___ ___ 110  30 123 128  50  31  74 ___   8  73 |  12  90  21  84  15 ___  27 131  72 ___ ___   5 | ___  62 101 ___ ___  88 106  94   9  61  36  23 | ___ ___ ___ ___  87  58  85 ___  99  40  68 ___ |   6  82 ___  16 132 129  67  49  24  83 ___  69 | ___  14 127 113 ___  66  45 ___  44 ___ 144 116 | ___  18 124 108 ___  39   1 ___ 105 ___  95  91 |  55 ___ ___ 140  32  53  35 133  96  28  52   2 |  29 102  79  78  57   4  22 ___  13  47  80 ___ | 109 ___ 141  56 ___  54  65 ___  26  51 ___ 135 | ___ 138 ___ ___  60  59  89   7  37  34 121 ___ |
|   4  48  22 ___ 102  57  33  47 ___  13  29  78 |  64 130 139  20  98  38  77 ___ 126  81  92 ___ |  53  41 ___  52 140  55 ___  28 137 133  96  32 | ___ 132 129 ___  82  83   6  11  93 ___  49 ___ |  12 ___  90  72 ___  27 ___  84  21  15 ___   3 | ___  30   8 110  97  73 120 123  74  10  50  31 | ___  99  63 104  70  25  58  87 ___  85  17 122 |  60   7 118 107  37 121 ___ ___ 138 ___  89  59 | 119 106 101 125  42  36   9  88  62  61 ___  94 |  39 ___ ___ ___ 103 105 ___ ___ 111  18 108 ___ | 143 ___ 127 113  14  66 ___ ___ ___ 116 144  75 | ___ ___ 141 ___  56 117  65 ___ 135 112  26 ___ |
|  66 ___ 144  45  75 ___ 143 116  44 113 114  14 |  54 109  26 ___ 134  51  65 112 ___  56 117 141 |  98  38 ___ ___ 126  20  77 115  86  81  64 130 | 124 105 103 108  76 111  18  91  95 ___   1  39 | ___  10 128 ___ ___  50 120 110 ___  74  31  97 |   7 ___  59 ___ ___ 142 118 ___ 107 ___  89 ___ |  69  11 129  83  16 132  93 ___  24  67  49   6 | 100  90   5  15  43  84  12  72   3 ___  27  21 | ___ ___  57  80 ___ ___  79  13   4 ___  29  78 |  70  87  58  99  63  25  17 ___ 104 122  40 ___ |  42  61 101  88  94  62   9 125  23 ___  36 119 | 140 ___ ___ ___ ___   2  35  41  55  28  52  32 |
|  62  61  36   9 119 101  42 ___ ___ ___  23  94 |  96 ___  52  55 ___  41 ___  28 140 133   2 137 | 134  51 117  26 136 135  65 112 141 ___  54 ___ |  85 ___  63 ___  87 104 ___  99 ___  68 ___ ___ |  46  60   7 142  37  89 ___ 121  59 107  34 ___ |  90  43  21  84 ___  72   5  12  15 100  27 131 |  19  91 103 111 ___ 105  95  76 ___ 124   1 ___ | ___ 128 120 ___  30 ___ 123 ___  97 ___ ___ ___ | ___ ___ 127  44 143 ___ ___ ___ ___  71 114  14 |  16 ___  93 ___ ___ 132 ___  69 ___   6 ___  67 |  33 ___  57  13  78   4  79  80  29  47  22 102 | 126  64  86 ___  81 ___  77 ___ ___ ___ 139 130 |
|   3 131  12 ___  43  72   5  90 ___ 100 ___  21 | ___  85 ___  87  17 122  58  68  40 104  99  63 | ___  18  91 ___ ___ ___  95  19 ___ ___ 105 124 | 109 ___ 141 136 ___ ___  51 117  65 112 134  26 |  22 ___  47  57 102 ___  33  29  78  80  48   4 | 116 ___ ___ 114  66 127 ___ 144  44 113  45 ___ | ___ ___  86 ___ 139  64  77  20 126 130 ___ ___ |  88 106 ___ 125 119  23  36 101 ___  61 ___  94 |  37 ___ ___ 107 ___  46  89 ___ 138 ___ 121 ___ |  52  55 ___   2 137 ___  53  28 ___  41 ___  32 | 120  31  73  10 ___ ___  50  74 110 128 ___ ___ |  24 132 129  49  83  11  93   6  82 ___ ___ ___ |
| 132 ___ ___ ___ ___ ___ ___   6 ___  83 ___  11 |  62  42 ___ 119  36 106   9 ___ 125  88  94 ___ | 144 116 ___ 114  44  75  45  71 ___ ___  66 143 |   5   3  72  15  43 100  90 ___ ___ ___  12  84 | ___  56  51 141 135  65 109 ___ 117 136 112  54 |  41  55 ___  52 ___ 137 ___ ___ 140 133 ___ ___ | ___  59 142  60 ___ 138 ___  37 107 118 ___ ___ |  81  38 ___ 126  20 139 ___  86 ___ 115  77  92 |  87 122  63 ___  85  17  58 104  25  68  70  99 | 110 ___ ___   8  73 ___ 123 ___ ___ ___ ___ 120 | 124  19 103 ___ ___ 105  95 ___ ___  18 ___  76 |  80   4 ___ ___ ___  78  79  47 102  48  29 ___ |
| ___ ___ ___  65 135 141 109  51 136  56  26 ___ | 138 118 ___  37  46   7 ___  34 107 ___  59 142 | ___ 128 ___ ___  74  30  50  31 ___  10  97 120 | ___   4 ___  80 102  13 ___ ___  79 ___  22  29 |  49  83   6 129  82  93  67  16  11 ___  69 132 | ___  76 ___  39 105 ___ 124   1 ___ 111 ___  19 |  61 ___ ___  88  23  62   9 119 125  42  36 ___ | ___ 122  85 ___ ___  70  17  63 ___ ___  58 ___ |  20  38 ___ 126 130  98  77  81 ___ ___ 139 ___ | ___ ___ ___  14 127  66 144  71 113 116  44 143 |  32  28 137 133   2  96  35 ___  52  41 ___ ___ |  15   3  72 ___ 100 ___  27 ___  43 131  84   5 |
| 105  19 ___  95 ___ 103 124  18 108 111  39  91 |   4 ___  29 102 ___  47  79 ___ ___ ___  78  57 | ___ ___  94  23 125 ___ ___  61 101  88 ___  42 | 120  97  73  74 ___  10 128   8  50  31 123 110 |  53 133  41 137  55 ___  32  52   2 140  28 ___ |  38  20 ___ ___  64 ___ 130  98 ___  81  77 ___ | 131 ___  72 100  84 ___  27 ___  15   5  12  90 | ___  51 109 136 ___  26 134 141  54 ___  65 117 |  82 ___ 129  24  67  49 ___ ___ ___ ___  16  11 | 121 ___  89 ___ 142 138  46 ___  60   7 107 118 | ___  68 ___ 104 ___  25  58  40 ___ 122  17 ___ |  44 ___ 127 ___ ___  14  45 ___ ___  71 114 143 |
|  25 ___  17  58  87 ___ ___ 122 ___ ___  70 ___ |  66 143 ___ ___ 144 ___ ___ ___ ___ 113  14 127 | ___  47 ___ ___  80 ___  79 ___  57  13   4  33 | 118 138 142 107 ___  60 ___ ___ ___  34  46 ___ |  98 ___ ___ ___ ___ ___ ___ 139 ___ ___ 115  64 | ___ ___ ___  26  54 ___ 109 134 136 ___  65 112 |  31   8  73 ___ ___  97  50  30 ___ 120 123 128 | 133  41  32 140  55  52  53 137  96 ___ ___   2 |  76  18 103 108 124   1  95 111 105  19  39  91 |  84  43 ___  21  72   3  12 131 ___  90 ___   5 | ___ ___ 129  83  11 ___  93 ___  16 ___  49 ___ | ___  62 101 ___ ___  94   9 ___ 119  61  23  42 |
|  97  31 123 ___  30 ___ 120 128  74 ___ ___   8 | ___  67 ___  82  49   6  93 ___  24 ___  11 ___ | ___ 122  99  70 ___ ___  58  68  63 104  25 ___ | ___  96 ___ 140  55 ___  41 ___ ___  28 ___  52 | 144 113 116 127  75  45 ___ 114 ___ ___ ___  66 | 106 119  94 ___  62 101 ___  36 125 ___ ___  61 | 112 ___ 141  56  26 ___  65 135 136 ___ 134  51 | ___  47  33  80 ___  29  22  57   4  48  79  78 |  43 ___  72  15   5  12  27 ___   3 131  84  21 | ___  20  77  92  86 ___ ___ 115  81  38 ___ 130 | 118 ___ 142 ___  59 138  89 ___ 121   7  46 ___ | 108 105 103 ___ ___ ___ ___  18  76  19 ___ ___ |
+-------------------------------------------------+-------------------------------------------------+-------------------------------------------------+-------------------------------------------------+-------------------------------------------------+-------------------------------------------------+-------------------------------------------------+-------------------------------------------------+-------------------------------------------------+-------------------------------------------------+-------------------------------------------------+-------------------------------------------------+
| ___ 143 127 144  71  44  14  87 ___ 116  66 ___ | ___ ___ ___ ___ 141  75 134 ___ ___ ___ ___ ___ |  86 102  81  64  29 115  98 130 126  38  77 ___ |  91 ___ ___ 121 ___  18  37 ___   1 124 103 105 |  73 ___ ___ ___  31 123   8  97 ___ ___ ___  50 | 135 ___ ___ ___  89 107 ___ 142  26   7 ___ 118 |  67  83  24   6 132  93  49 ___ 110  11 ___  30 |  90 ___  21  52 131 ___  72 ___ ___   5  12 100 |  48  76  80  39  78  57  22  47 ___  33 ___  13 |  25  68 ___ 104  40  58 ___  85 122 ___  84  99 |  94  42 125 106 ___   9  36  16  62  82 ___  61 | ___  35 140 137  41 133 ___ 119  28  32  96   2 |
| ___  33  57  22  48  80  78 ___  39 ___   4 ___ |  77  92  64 ___  86 102 ___ ___ ___  38 ___ ___ | 137 ___ 133 ___  23  28  53  32 140  41  35   2 |  11 ___  24 110  69 ___  30 ___  49  67 129 132 | ___  90  55  15 131  12 ___   3 100  52   5  27 | ___  31 ___  97  50  74   8  73 ___ 128 123 ___ |  85 104 ___ 122  25  58  17  68  84  99  63  43 |   7 135  59  26 ___ 138 ___ 107 ___ ___  46  60 |  61  82 125  16  94 ___  36 106 ___ ___ ___  88 | 105 ___ ___ ___ 108  95 103 124 ___  37 121  91 |  14 143  44 ___ ___  45 144 ___  66 ___ ___ ___ | 114 ___ 136 141 ___  56 134  75 112 ___  54 117 |
|  50 120  73 123 ___  74   8  20 139 128  97  10 |  93  11 132  69 ___ ___ ___ ___ 110 ___ ___  24 | ___  43 104 ___ ___ ___ ___ ___  40 ___  58  99 |   2  35 140  23 ___ ___ ___ 133  53  32 ___  96 | 127 ___  87  44 ___ ___  14  66 113  70 ___  45 | ___  61 ___  62   9 ___  94 101  16 ___  36  42 | 109  56 136  51  54 ___ ___ 112 114 ___ 141  75 |  47  76 ___  39  48 ___  57 ___  79 ___ ___  13 | 131 ___ ___  52 ___  72  12  90  27 ___   3 100 |  64 ___  98  81 126  77  86 130  38 102 ___  92 |  59 ___ ___   7  60  89 ___ ___ 138 ___ 142  34 | 121 ___ 108 ___  18 111   1  37  19 124 105  91 |
|  35  32 137 ___ ___ 140   2 ___ ___  41  96 133 | ___  21   3 ___  72  55  12 ___ ___  90 100 ___ | 142 135  60 138  26  34  46 ___ 107   7 ___  59 |  14  45  44  70  71 116  87 ___ 144 143 127  66 | 103 ___  37 108  19 ___  91 105 111 ___ 124  95 |  43  68 104  25  58  40 ___ ___  84 122  17  85 | ___ ___ ___ ___   4  79 ___  48 ___ ___  57  76 | ___ ___  11 110  69 ___ 129  24 ___ ___  49 ___ | 112  75 136 ___ 117 141 134  51  65 109  54  56 | ___ ___  36 ___ 125   9 101  42 ___ ___ ___  94 |  92 130 126  38 ___  77  98 ___ ___ 102  86 115 | 139  50 ___  73 128  10 123  20  31 120 ___   8 |
|  93  67 129  49 ___  24  11 ___ ___   6 132  83 |   9 ___  62  61 ___  82  36  42  16 106 ___ 125 | ___ ___ 113  66 ___  71 144 ___  44 116 ___  14 |  21  27  15  52 131  90  55 100  12   5  72   3 | 141  51  75 136 ___ 134 117  54 ___ 114 109  65 | ___ ___ 133  96 ___ 140   2 ___  23 ___ ___  32 | ___  60 107   7 138 ___ ___  34  26  59 142 135 |  38 ___  92  29 115 ___ ___ ___  77 ___  98  81 |  68 ___ ___ ___  99  63  17 122  58  85  25 104 |  97  31 ___  10 ___  50 ___ ___ ___  20 139   8 |  91 ___ 108  18 ___  95   1 121 105  37 103 ___ | ___  79 ___  57  47  13  22 ___ ___ ___   4  78 |
|  65 109 141 134 112 136 117 ___ ___ ___ ___  56 |  89 ___ 138  34 ___ ___  46 118  26   7  60 ___ |  73 ___  10  97 139  31 123 120  74 ___ ___   8 |  78  79  80 ___ ___ ___  76  13  22  33 ___   4 | 129   6  30  24 ___ ___  11 132  83 110  67  93 |  37  19 111 ___ ___ 108  91 103 121  18 ___ 124 | ___  88 125 ___  62   9 ___ ___  16 ___ 101  82 | 122  43  99  84  68 ___ ___  40 ___ ___  17 104 | 115 102 ___  29  92  86  98  38 ___ 130 ___  81 |  66 ___ 144 113  44  45 127 143 ___  87  70  14 |   2  32 140  41 133  35  53 ___ ___ ___ 137 ___ |  52  27 ___ ___  90 ___ ___ ___ 131 ___ ___  21 |
|  95 124 ___   1  19 108  91  37 121 ___ ___ 111 |  79  78 ___ ___  57  76  22  33  39 ___  13 ___ | ___  82 ___ ___  16  61  36  42 125 106   9  94 |   8 ___  74 139  31 128 ___ ___ 123 120  73  97 | 137  41 ___ 140  28 ___   2  96 133  23  32 ___ | ___ 115  81  64  77 ___  92 ___ ___ ___  98 130 |   5 100  15 ___   3  27 ___ 131  52  21  72  55 | ___  75 117 ___ 112 ___ ___ ___  65 ___ 134  56 |  69  30 ___ 110  11 129  49   6  93  67 132  83 | ___  34  46 ___ 107  89 142 118   7 135 ___  59 |  99 ___  40 122 104 ___  17 ___  25  43 ___  68 |  70 ___  44 127 116 113 ___  87 ___ 143 ___ ___ |
| ___  42 ___  36  61 125 ___  82  16 106  62  88 | ___   2  96  28 137 ___ ___  32  23  41 ___ 140 | 141  75  56  54 114 ___ 134 109 136  51  65 117 |  99  58  40  84  68 122  43 104  17  85  63  25 | 142   7 135 107  34  46  59 ___ ___ ___ 118  89 | ___ 131 100 ___  27  15  21  72  52  90 ___ ___ | 124 111 ___  18 ___  95 ___ ___ 121  91 103  37 | 128  20 ___ 139 ___  97 ___  74  50 120 123 ___ | ___  87  44 ___  14 127 ___ 116  45 ___  66 113 | 132  69  49  83  24  93 ___ ___   6 ___ ___ ___ |  78  33  80  47  13  79  22  39   4  76  57 ___ |  29  77 126  86 ___  81 ___ 102 115 130 ___  92 |
|  58  85  63  17 ___  40  99 ___  84 122 ___ 104 |  45 ___  66  71 127  87 144 ___  70 116 113 ___ | ___ ___  13   4  39 ___  22  33  80 ___  79  78 | ___ ___ ___  26  34   7 ___  60  46 ___ ___ 138 | ___  38 102 126 115 ___  92  64  81  29 130  77 |  75 112  56  54  65 136 117 ___ 114  51 134 109 | ___  10  74 128 ___  50 123  31 139   8  73  20 |  41 119 ___  23  28 ___ 137 140 ___  32 ___ 133 |  19 ___ ___ 121  91 103   1 ___ ___ ___ ___ 111 |   3 131  12 100  15 ___  72 ___  90 ___  52  21 |  11  67 ___   6  83 ___  49 ___ ___  30 ___ ___ |  16   9 125 101 106  88  36  82 ___  42 ___  94 |
|  27 ___  72 ___ ___ ___ ___  55  52  90   3 100 |  58  99  25  68  63 ___  17  85 ___ 122 104 ___ | 103 ___ 111 ___ 121  19   1 124 108  18  95  91 | ___  65 136 114 112  51  75  56 134 109 141 ___ | ___  47 ___  80  48  22 ___   4  13 ___  33  79 |  87  71 113 ___  45  44  14 127  70 116 144 ___ | 130  81 126  38 ___ ___  98 115  29  92  86 102 | 106  82 ___  16 ___  62 101 125   9  42  36 ___ |  34 135 ___  26  59 142 ___   7 ___ 118 138  60 |  96 ___  53 133 140 ___ ___  32  41 ___ ___   2 |   8 120  74 ___  10  50 ___ 139 ___ ___ ___  31 | 110  93 ___ ___ ___  83 ___ ___  69 ___ 132 ___ |
|  77 ___ ___  98 115 126  92 ___  29 ___ ___  81 | ___   8  97  31 ___  20 123 120 ___ 128 ___  74 | ___  55 100 ___  52 131  12 ___ ___  90 ___  21 | ___   9 125 ___  61 106  82  88 ___  42 101 ___ |  63 122  43  40  68 ___ ___  25 ___ ___  85  58 |  30 ___  83 132  93  24  11 129 110 ___ ___  67 | 143 ___  44 116  66  45 144  71  70  14 127  87 |  18 ___ ___ 121  19 ___ 103 108 ___ 124   1 111 |  28 ___ 140  23   2 ___  53  41  35 ___  96 133 |   4 ___  22 ___  80 ___  57  33 ___  76  39  78 | 117 ___ 136  51  56  65 134 ___  54  75 ___ 112 |  26 ___ 107 142   7  60 ___ 135  34 118 ___ ___ |
| ___ 118 ___  46 ___ 107  59 135  26   7 138 ___ | ___ ___ 105  19 103  37 ___ 124 121  18 111 108 | 129  30  83 132 ___ ___  49 ___  24   6  93 ___ |  92 ___ 126  29 115  38 ___ ___  98 130  86 ___ | 101 106  82 125 ___  36  94  62 ___ ___  42   9 |  76 ___  13   4 ___  80  78  57  39  47 ___  33 | ___ 133 140 ___  96  35  53  28 ___   2 137 ___ | 116  87  14  70 ___  66 127 ___  45 ___ ___ 113 |  31 ___  74 ___   8 ___ 123 128  50 ___  97  10 |  54 112 134 ___ 136  65 141 109  51  75 ___ 117 |  21 ___ ___  90 100 ___ ___ ___   3  55  72 131 | ___  58  40  63 122 ___  17  43 ___  85  25 ___ |
+-------------------------------------------------+-------------------------------------------------+-------------------------------------------------+-------------------------------------------------+-------------------------------------------------+-------------------------------------------------+-------------------------------------------------+-------------------------------------------------+-------------------------------------------------+-------------------------------------------------+-------------------------------------------------+-------------------------------------------------+
|  75 136 143  71 ___  14 114 144 113  45 ___  66 | 135  26 ___ ___ ___ 134 ___ ___  56 ___ ___ 117 | 130  98  64 128 ___  73 115 ___ ___ ___  20 ___ |  39 ___  91 111 ___  95 ___ ___ ___ ___ ___ ___ | 120 ___ 123   8 129  31 110 ___ ___  10  24 ___ | ___ 103 138  18 ___ ___ 121 118  60 ___ ___ 108 | 125 132  11  93 106  82 ___ ___  83  16  67  49 |  27  12 ___ 100 ___ 122 ___  21  43  40 131   3 | ___  22  78 ___  29  33  48  79 ___ 126  38   4 | 116 127  68  25 ___  87 ___ ___ ___  17 104  70 |  23 140  94   9  62 ___  61 ___ ___  36  42 137 | 133  55   2 ___  35  96  28  53  72  15  90 ___ |
|  82 125  67 ___ 101  11  16  49  83 ___ 106 ___ | 119  23 ___ 137  42  36  61 140  88   9  62  94 | ___ ___  66  51 113 141 ___ ___  14  45  75 ___ |  84 ___  21 100  63  27  12 ___ 131  40   5 122 | 109 ___ ___ 117 ___ ___  26 ___ ___ ___ ___ 135 |  53  72  96 ___ ___   2  52 ___ ___  35  28  15 | ___ 138  59 ___  18  37 ___ 103  60 ___ 118  46 |  77 ___ ___  81  73 ___ 130  92  20  74 115  64 | ___ ___  99 ___  70  85  68  58 ___ ___ 116  25 |   6 129 ___  97 ___ ___ ___  24 ___ 123  10 110 |  39  80  91  95 105 ___  19 111  47   1 124  57 |  13 102  78  33 ___   4  48 ___  86 126  38  29 |
| ___ ___   5 131  63 ___  84 ___ 100 ___ ___   3 |  87 ___ 116 127  85  17 ___  44 ___ ___ ___  99 | 124 ___ 105  47 ___  57  19  80  91 ___  76  39 | ___ 135 117 ___ 142  65 134 ___ 112 107 ___   7 |  33 ___  22  78  86 ___ ___  38   4  13 126 ___ | ___ 141  66 ___ ___  14 ___ 143 113  45  71 136 |  74 ___  92  77 ___  20 ___  73  81 139 ___  98 |   9  36  23  88 137 ___ ___  94 ___ 140  61  62 | 103  46 ___ ___ 121 118  34  89  37 ___  18 ___ |  90 ___  28  96   2  55  32  15  35  53 133  52 | ___  24   8  50 ___  30 ___  10   6 123 120 129 | ___  82 ___  67  93 132  69  49 101 ___ 106  16 |
| ___ 107 109 112 142 117  26 ___ ___ ___   7  54 |  37 121  18 103 118 ___  34 108 ___  89 138  59 | 120 ___ ___   6  10 129  31  24   8 ___  30 110 |  29 102 ___  13  86  79  22   4 ___ 126  33  38 |  67  93 ___  11 101 ___  16 106 ___  83 125 ___ |   1 ___ 105  47 ___ ___ ___ 124 111  95  19 ___ | 140 ___ ___   9 ___ 119  61 ___  88 ___  42  36 | ___ ___  70 104 127 ___ ___ ___  87  44  68  25 |  73  98 ___  81 139 130 115  77 ___  74 128 ___ |  51 ___ ___ ___  14 ___ ___ 136 ___ ___ ___ 114 |  52  15   2  35 ___  55  28 133 ___  53 ___ ___ | 100  43  21 ___  27   3 131  12  63  40 ___  84 |
| ___ ___ ___  28  72   2  52 ___ 133  35  90  96 |  43 ___ 122 ___ ___  12 ___  40 100  27 ___  21 | 118 ___ ___ ___  60 103  34 ___  59  89  37 ___ | 114  75 ___ 113 ___  45 ___ ___ ___ 136 143  51 | 124  95   1  91 ___  19  39  47 105 ___  80 ___ |  17 127 ___ 116 ___ ___ ___  85 104  58 ___  44 | ___   4 ___ ___ ___ 102  48  86  13  29  33 ___ | ___ ___  16  83 101 106  67 ___  82 125 ___ 132 | 142 134 117 ___ ___ 109 112  65 135 107 ___ ___ |  41 137 ___ ___ ___ ___  42 140   9  36  88  23 | 139 ___  92  77 ___  20 ___ ___ 128 ___ 130 ___ |  10  30   8 120 ___  97 ___ ___ 129  24   6 110 |
|  30 ___ 120  31 129   8 110 123 ___  50   6 ___ |  82  16 106 101  67  49  69 ___  83  93 132 ___ | ___  17  25 ___ ___ ___  68  44  99  58  87  70 |  52  55 ___ ___  72  35  53  96  28 ___ ___  90 | 143  45 ___  14 141 ___ ___  51  66 ___ ___  75 |  36 ___  62  41 119 ___  23  42  88   9 ___ 140 | 107  54 117  65 ___ 135 112 142  56  26 ___ 134 |  79 ___ ___  13 ___  38 ___  78 ___ 126 ___ ___ |  63  12  21 100 ___   5 ___  27  43 ___ 122   3 | 128  73 115  64  92 ___ 130 ___ ___  98  81 139 | 121 ___ ___  89 138  37  34  60  18  46 118 ___ | 111  76  91 124  95 105  19   1 ___ ___  47 ___ |
|  20  74 ___ ___ ___ ___ ___  98  81  77 128  64 |  30 110 ___ 129 120 ___  31  24  10  50  97   8 |   5  12   3 ___ 100  63 ___  40  21  27  43  84 | ___ ___  94  88 137 ___  36  62  61 ___  42  41 | ___  58  17  99 127  68  70 ___ ___ 104 ___  87 | ___ 101 132 106 ___  11  16  67  83 ___ ___ 125 | 136  66  14  45  51  75  71 141 113 114 143 ___ |  95   1  39 ___  57  47 124  91 ___ ___ ___ 105 | ___  53   2 133  52  32  28 ___  55 ___  90  96 |  38  86 ___   4  78 ___  33 126 ___  22  13  29 | ___ ___ 117  65 ___ 135 ___ ___   7 134 ___ 142 | ___  37  59 ___ ___ ___ ___  46 ___ 108 ___ 121 |
| ___ ___  33  48  86  78  29  22  13  79  38   4 |  20 139 128  73 ___  98 115  74  81 ___ ___ ___ |  32 ___  96  90 133 ___  28 ___   2  35 ___  52 |  16 ___  11 ___ 101  93 ___ ___  69 125  67 106 |   5  27 ___  21 ___ ___  84 ___ ___ 100  40  43 | 123 129  97   6 ___   8 110 120 ___  50  31  24 | ___  25 ___  58 ___ ___ ___ ___ 104  70  85  17 | ___  46 121  60 103 ___ 118 ___ ___ 108  34 138 | ___ ___  94 ___  23  42  61 ___ 119 ___  41  62 |  47  57  19 105  91 ___ ___  80  95 ___ 111  39 | 114 136  14  45  66  75 ___ ___  51 ___ ___ 141 |  56 135 117 109  65 ___ ___ 134 142 107   7  26 |
|  87  44 ___ ___ ___  99  70  17 104  58 116  25 | ___ ___  51 141 143 144 ___ 136 113  45  66  14 |  33 ___   4  38 ___  86  48 ___ ___ ___ 102 ___ | ___  37  59  60 103 ___  46 138  34 ___ 118  18 | 130  77  98 ___  73 115 139 128  64  81  74 ___ | 134 142  54   7 135 ___  26 ___ ___  65 112 107 | ___  97   8 ___   6 ___  31 129  10 110 120 ___ |  35 ___ ___ 133  72  90  32   2  55  15  28  96 |  57 ___ ___ 111 ___ 124 ___ ___  76  80 ___ 105 | ___  63 131 ___  21 ___   5 ___  27  12 ___ ___ |  16 125  11 ___ 132  82  69 ___ ___ ___  67 ___ |  88 ___  94 ___   9  62  61  36 137 140  41  23 |
| ___  80 ___  19  57 ___ ___   1 111 ___  47 105 | 102  29  38  86  33  22  48 126  13 ___ ___  78 |  42 ___ ___ ___  88 137  61 140  94   9 119 ___ | ___  30   8 ___ ___  50 123  97  31 ___ 120   6 | ___  35 ___   2  72  28  52  90  96 133  15  55 | ___  73 ___ 128  20  92 ___ 130  81  77 115  74 |  40   3 ___  27 ___  43 131  63 100  84   5  12 |  65 134  26 ___ 142 ___ 109 117 135 107 ___  54 | 101  49  11 ___  16 ___ ___ ___  82 125 ___ ___ |  18 103  34 138 ___  37 ___ ___ ___  46  60 ___ | ___ ___ ___  58  25  87 ___ 104 116  17 ___ 127 | ___  75  14 143 ___  66  71 ___ 141 136 ___ 114 |
|  37 108 ___  34 ___  59 121  46 ___  89  18 138 |  76  39  47 ___ ___   1 ___  80 111 ___ 105  91 |  67 ___ 132 ___  83 101  69 ___  11  93  82  16 | ___  20  92  81 ___  77  98 ___ 115  74 130 128 | ___ ___  36  94 137  61 ___  41  62  88 140 119 |  22  86   4 ___ ___ ___  29  33  13  79  48 126 | ___  96   2  35 ___  55 ___ ___ 133  52  32  53 |  45 144 114 ___ ___  51 143  14  75 ___  71  66 | ___ 123 ___  10 110 120  31  50  30 ___   6 ___ |   7 142 ___  54 117 ___ 109 ___  65 134  56  26 |  84  40 ___  27   3  43 131 100 122  12 ___  63 | 104  87 ___  85  58  25 ___  17 ___  44 ___  70 |
| 119 140  42  61 ___ ___  23  36  88 ___  41  62 |  55  52  90 ___  32  53  28 ___ ___ ___  96   2 | ___ 134  54 ___  56 ___ ___ 107 117 ___ ___  26 |  70  87  99 104 127  58  17 ___  68  44  85 116 | ___ ___  46  59 103 ___ ___  18 ___  60 ___  37 |  12 ___   3 ___  43  21 ___ ___ 100  27 ___ ___ | ___ 105  91 ___  47  76  19  57 111  39 124   1 |  50 123 110  10 129   6 ___   8  30  24  31  97 | 141 144 ___ ___ 114 143  71 ___  75 ___  51 ___ | ___ ___ ___ ___  11  82 ___ 125  93 ___ ___  16 |  29 ___  78 ___   4 102  48  13  38  22  33  86 | ___  20  92 130  77  64 ___  98 ___  74 128 139 |
+-------------------------------------------------+-------------------------------------------------+-------------------------------------------------+-------------------------------------------------+-------------------------------------------------+-------------------------------------------------+-------------------------------------------------+-------------------------------------------------+-------------------------------------------------+-------------------------------------------------+-------------------------------------------------+-------------------------------------------------+
