+-------------------+-------------------+-------------------+-------------------+-------------------+-------------------+
|  8 32 23 36 20 33 | 25 21  3 35 16 13 | 17 24  9 26 30 12 | 34 15 14 27 29 11 | 18 22 10 19  2 31 |  4 28  6  1  7  5 |
| 19 18 31  2 22 10 | 29 27 14 15 11 34 | 33 20 32 36  8 23 |  4 28  6  7  5  1 |  9 24 17 30 26 12 | 13 35  3 16 21 25 |
| 11 27 29 15 34 14 | 31 18 10  2 19 22 |  3 13 21 35 16 25 | 24 26 17  9 12 30 |  7  4  6  1 28  5 | 20 36 33  8 32 23 |
| 16 21 25 35 13  3 | 23 32 33 36  8 20 |  6  4  7 28  1  5 | 22  2 10 18 31 19 | 27 34 14 11 15 29 | 24 26 17 30  9 12 |
|  1  7  5 28  4  6 | 12  9 17 26 30 24 | 14 34 27 15 11 29 | 20 36 33 32 23  8 | 21 13  3 16 35 25 | 22  2 10 19 18 31 |
| 30  9 12 26 24 17 |  5  7  6 28  1  4 | 10 22 18  2 19 31 | 13 35  3 21 25 16 | 32 20 33  8 36 23 | 34 15 14 11 27 29 |
+-------------------+-------------------+-------------------+-------------------+-------------------+-------------------+
| 25  3 35 18 16 13 | 36 33 20 27 23  8 |  4  1  6 32  5 28 | 19  7 22 10  2 31 | 14 11 34 29  9 15 | 30 21 24 12 17 26 |
| 23 33 36 27  8 20 | 35  3 13 18 25 16 | 24 30 17 21 12 26 | 11  9 34 14 15 29 | 10 19 22 31  7  2 |  1 32  4  5  6 28 |
|  5  6 28 32  1  4 | 26 17 24 21 12 30 | 34 11 14  9 29 15 |  8 27 20 33 36 23 |  3 16 13 25 18 35 | 19  7 22 31 10  2 |
| 29 14 15  9 11 34 |  2 10 22  7 31 19 | 13 16  3 18 25 35 | 30 21 24 17 26 12 |  6  1  4  5 32 28 |  8 27 20 23 33 36 |
| 31 10  2  7 19 22 | 15 14 34  9 29 11 | 20  8 33 27 23 36 |  1 32  4  6 28  5 | 17 30 24 12 21 26 | 16 18 13 25  3 35 |
| 12 17 26 21 30 24 | 28  6  4 32  5  1 | 22 19 10  7 31  2 | 16 18 13  3 35 25 | 33  8 20 23 27 36 | 11  9 34 29 14 15 |
+-------------------+-------------------+-------------------+-------------------+-------------------+-------------------+
|  2 22  7  6 31 19 |  9 34 11 17 15 29 |  8 23 20 14 36 27 |  5 33  1  4 32 28 | 24 12 30 26  3 21 | 25 10 16 35 13 18 |
| 15 34  9 17 29 11 |  7 22 19  6  2 31 | 16 25 13 10 35 18 | 12  3 30 24 21 26 |  4  5  1 28 33 32 | 23 14  8 36 20 27 |
| 35 13 18 10 25 16 | 27 20  8 14 36 23 |  1  5  4 33 28 32 | 31  6 19 22  7  2 | 34 29 11 15 17  9 | 12  3 30 26 24 21 |
| 36 20 27 14 23  8 | 18 13 16 10 35 25 | 30 12 24  3 26 21 | 29 17 11 34  9 15 | 22 31 19  2  6  7 |  5 33  1 28  4 32 |
| 28  4 32 33  5  1 | 21 24 30  3 26 12 | 11 29 34 17 15  9 | 23 14  8 20 27 36 | 13 25 16 35 10 18 | 31  6 19  2 22  7 |
| 26 24 21  3 12 30 | 32  4  1 33 28  5 | 19 31 22  6  2  7 | 25 10 16 13 18 35 | 20 23  8 36 14 27 | 29 17 11 15 34  9 |
+-------------------+-------------------+-------------------+-------------------+-------------------+-------------------+
| 34 36 11 29 14 27 | 19 35 18 31 22 10 | 21  3 26 25 13 16 | 17 12  9 15 30 24 |  2  6  7  4  5  1 | 33 23 32 20 28  8 |
| 22 35 19 31 10 18 | 11 36 27 29 34 14 | 32 33 28 23 20  8 |  6  5  7  2  1  4 | 15 17  9 24 12 30 |  3 25 21 13 26 16 |
|  4  2  1  5  6  7 | 30 15  9 12 24 17 | 27 14 36 29 34 11 | 33 23 32 28  8 20 | 26  3 21 13 25 16 | 10 31 18 22 35 19 |
| 20 28  8 23 33 32 | 16 26 21 25 13  3 |  9 17 15 12 24 30 | 14 29 27 36 11 34 | 35 10 18 22 31 19 |  6  5  7  4  2  1 |
| 13 26 16 25  3 21 |  8 28 32 23 20 33 |  7  6  2  5  4  1 | 10 31 18 35 19 22 | 36 14 27 34 29 11 | 17 12  9 24 15 30 |
| 24 15 30 12 17  9 |  1  2  7  5  4  6 | 18 10 35 31 22 19 |  3 25 21 26 16 13 | 28 33 32 20 23  8 | 14 29 27 34 36 11 |
+-------------------+-------------------+-------------------+-------------------+-------------------+-------------------+
| 32  1 33 20 28  5 |  3 30 12 13 21 26 | 29 15 11 24  9 17 | 36 34 23  8 14 27 | 16 35 25 18 22 10 |  2  4 31  7 19  6 |
| 18 16 10 22 35 25 | 14  8 23 34 27 36 |  5 28  1 20 32 33 |  2  4 31 19  6  7 | 11 15 29  9 24 17 | 26 13 12 21 30  3 |
| 27  8 14 34 36 23 | 10 16 25 22 18 35 | 12 26 30 13 21  3 | 15 24 29 11 17  9 | 19  2 31  7  4  6 | 28 20  5 32  1 33 |
|  7 19  6  4  2 31 | 17 11 29 24  9 15 | 23 36  8 34 27 14 | 28 20  5  1 33 32 | 30 26 12 21 13  3 | 35 22 25 18 16 10 |
|  9 11 17 24 15 29 |  6 19 31  4  7  2 | 25 35 16 22 18 10 | 26 13 12 30  3 21 |  1 28  5 32 20 33 | 36 34 23 27  8 14 |
| 21 30  3 13 26 12 | 33  1  5 20 32 28 | 31  2 19  4  7  6 | 35 22 25 16 10 18 |  8 36 23 27 34 14 | 15 24 29  9 11 17 |
+-------------------+-------------------+-------------------+-------------------+-------------------+-------------------+
|  3 12 13 16 21 26 | 20  5 28  8 33 32 |  2  7 31  1  6  4 | 18 19 35 25 22 10 | 23 27 36 14 11 34 |  9 30 15 17 29 24 |
| 33  5 20  8 32 28 | 13 12 26 16  3 21 | 15  9 29 30 17 24 | 27 11 36 23 34 14 | 25 18 35 10 19 22 |  7  1  2  6 31  4 |
|  6 31  4  1  7  2 | 24 29 15 30 17  9 | 36 27 23 11 14 34 | 32  8 28  5 20 33 | 12 21 26  3 16 13 | 18 19 35 10 25 22 |
| 17 29 24 30  9 15 |  4 31  2  1  6  7 | 35 18 25 19 10 22 | 21 16 26 12 13  3 |  5 32 28 33  8 20 | 27 11 36 14 23 34 |
| 14 23 34 11 27 36 | 22 25 35 19 10 18 | 26 21 12 16  3 13 |  9 30 15 29 24 17 | 31  7  2  6  1  4 | 32  8 28 33  5 20 |
| 10 25 22 19 18 35 | 34 23 36 11 14 27 | 28 32  5  8 33 20 |  7  1  2 31  4  6 | 29  9 15 17 30 24 | 21 16 26  3 12 13 |
+-------------------+-------------------+-------------------+-------------------+-------------------+-------------------+
