+----------------------+----------------------+----------------------+----------------------+----------------------+----------------------+----------------------+
| 38 49  4 27 20  2 19 |  7 29 36  5 28 41 12 | 32 34 35 40 18 15 24 | 45 42 11 16  3 46  9 |  6 26 31 30 23 43 10 | 33 44 25 47  8 37 21 | 39 17 48 14 13 22  1 |
| 40 35 32 34 15 18 24 | 43 30 31 26  6 10 23 | 39 17 13 22 14  1 48 | 21  8 25 47 33 44 37 | 11  9 45 42 16  3 46 | 27 20 49 38  4 19  2 | 29  7  5 36 28 12 41 |
| 12 28 29  7 41 36  5 | 33  8 21 37 25 44 47 | 30 43  6 23 31 10 26 | 18 32 35 40 34 15 24 | 49 19  2  4 38 27 20 | 17  1 13 22 39 48 14 | 42  3  9 45 11 16 46 |
| 47 25  8 33 44 21 37 | 17 39 14 48 13  1 22 |  4 27 49 38  2 20 19 | 31 30  6 23 43 10 26 | 28  5 36 29 12  7 41 |  3 46 11 16 42  9 45 | 32 34 24 18 35 40 15 |
| 23  6 30 43 10 31 26 | 27  4  2 19 49 20 38 | 42  3 11 16 45 46  9 | 14 39 13 22 17  1 48 | 35 24 18 32 40 34 15 |  7 41 28 12 29  5 36 |  8 33 37 21 25 47 44 |
| 22 13 39 17  1 14 48 |  3 42 45  9 11 46 16 | 29  7 28 12 36 41  5 |  2  4 49 38 27 20 19 | 25 37 21  8 47 33 44 | 34 15 35 40 32 24 18 | 30 43 26 31  6 23 10 |
| 16 11 42  3 46 45  9 | 34 32 18 24 35 15 40 |  8 33 25 47 21 44 37 | 36 29 28 12  7 41  5 | 13 48 14 39 22 17  1 | 43 10  6 23 30 26 31 |  4 27 19  2 49 38 20 |
+----------------------+----------------------+----------------------+----------------------+----------------------+----------------------+----------------------+
| 15 36 34 24 35 32 40 | 26 43 30 23 21  6 10 | 17 48 31  1 39 13 22 |  8 33 18 44 37 25 47 |  2 16 42  3 46  9 11 | 19 49 14 20 27 38  4 |  7  5 12 29 45 41 28 |
| 46  2  3  9 11 42 16 | 24 34 32 40 36 35 15 | 33 37 18 44  8 25 47 | 29  7 45 41  5 28 12 | 31 22 39 17  1 48 13 | 26  6 21 10 43 23 30 | 27 19 38  4 14 20 49 |
|  1 31 17 48 13 39 22 |  9  3 42 16  2 11 46 |  7  5 45 41 29 28 12 |  4 27 14 20 19 49 38 | 18 47  8 33 44 37 25 | 24 35 36 15 34 40 32 | 43 26 23 30 21 10  6 |
| 20 14 27 19 49  4 38 |  5  7 29 12 45 28 41 | 34 24 36 15 32 35 40 | 42  3  2 46  9 11 16 | 21 23 30 43 10 26  6 | 37 25 18 44 33 47  8 | 17 48 22 39 31  1 13 |
| 10 21 43 26  6 30 23 | 19 27  4 38 14 49 20 |  3  9  2 46 42 11 16 | 39 17 31  1 48 13 22 | 36 40 32 34 15 24 35 |  5 28 45 41  7 12 29 | 33 37 47  8 18 44 25 |
| 44 18 33 37 25  8 47 | 48 17 39 22 31 13  1 | 27 19 14 20  4 49 38 | 30 43 21 10 26  6 23 | 45 12 29  7 41  5 28 |  9 11  2 46  3 16 42 | 34 24 40 32 36 15 35 |
| 41 45  7  5 28 29 12 | 37 33  8 47 18 25 44 | 43 26 21 10 30  6 23 | 32 34 36 15 24 35 40 | 14 38  4 27 20 19 49 | 48 13 31  1 17 22 39 |  3  9 16 42  2 46 11 |
+----------------------+----------------------+----------------------+----------------------+----------------------+----------------------+----------------------+
| 11  4  9 16  2  3 46 | 40 24 34 15 29 36 35 | 37 47 32 25 33 18 44 |  7  5 42 28 12 45 41 | 30  1 17 48 13 22 31 | 23 21  8  6 26 10 43 | 19 38 20 27 39 49 14 |
| 25 32 37 47 18 33 44 | 22 48 17  1 30 31 13 | 19 38 39 49 27 14 20 | 43 26  8  6 23 21 10 | 42 41  7  5 28 12 45 | 16  2  4 11  9 46  3 | 24 40 15 34 29 35 36 |
|  6  8 26 23 21 43 10 | 38 19 27 20 39 14 49 |  9 16  4 11  3  2 46 | 17 48 30 13 22 31  1 | 29 15 34 24 35 40 36 | 12 45 42 28  5 41  7 | 37 47 44 33 32 25 18 |
| 28 42  5 12 45  7 41 | 47 37 33 44 32 18 25 | 26 23  8  6 43 21 10 | 34 24 29 35 40 36 15 | 39 20 27 19 49 38 14 | 22 31 30 13 48  1 17 |  9 16 46  3  4 11  2 |
| 49 39 19 38 14 27 20 | 12  5  7 41 42 45 28 | 24 40 29 35 34 36 15 |  3  9  4 11 16  2 46 |  8 10 43 26  6 23 21 | 47 18 32 25 37 44 33 | 48 22  1 17 30 13 31 |
| 13 30 48 22 31 17  1 | 16  9  3 46  4  2 11 |  5 12 42 28  7 45 41 | 27 19 39 49 38 14 20 | 32 44 33 37 25 47 18 | 40 36 29 35 24 15 34 | 26 23 10 43  8  6 21 |
| 35 29 24 40 36 34 15 | 23 26 43 10  8 21  6 | 48 22 30 13 17 31  1 | 33 37 32 25 47 18 44 |  4 46  3  9 11 16  2 | 38 14 39 49 19 20 27 |  5 12 41  7 42 28 45 |
+----------------------+----------------------+----------------------+----------------------+----------------------+----------------------+----------------------+
| 27 38 11  2 19 46  4 | 36 35 15 29 12  5  7 | 25 18 40 34 44 24 32 | 41 28 16  3 45  9 42 | 23 30  1 13 43 31 26 | 21 37 47 33  6  8 10 | 49 14 39 20 22 17 48 |
| 33 47  6 21 37 10  8 | 14 49 20 39 22 48 17 | 11  2 38 27 46 19  4 |  1 13 23 43 31 26 30 | 12 29 15 35  7 36  5 | 45  9 16  3 28 42 41 | 25 18 32 44 40 34 24 |
|  3 16 28 45  9 41 42 | 18 25 44 32 40 24 34 |  6 21 47 33 10 37  8 | 15 35 12  7 36  5 29 | 22 39 20 49 17 14 48 | 31 26 23 43 13 30  1 | 11  2  4 46 38 27 19 |
| 43 23 13 31 26  1 30 |  2 11 46  4 38 19 27 | 28 45 16  3 41  9 42 | 20 49 22 17 14 48 39 | 40 32 44 25 34 18 24 | 36  5 12  7 35 29 15 |  6 21  8 10 47 33 37 |
|  7 12 35 36  5 15 29 | 21  6 10  8 47 37 33 | 13 31 23 43  1 26 30 | 44 25 40 34 18 24 32 | 38  4 46 11 27  2 19 | 14 48 22 17 49 39 20 | 28 45 42 41 16  3  9 |
| 34 40 25 18 24 44 32 | 31 13  1 30 23 26 43 | 49 14 22 17 20 48 39 | 10  6 47 33 21 37  8 | 16 42 41 28  3 45  9 |  2 19 38 27 11  4 46 | 35 36 29 15 12  7  5 |
| 17 22 49 14 48 20 39 | 45 28 41 42 16  9  3 | 35 36 12  7 15  5 29 | 46 11 38 27  2 19  4 | 47  8 10  6 33 21 37 | 18 24 40 34 25 32 44 | 13 31 30  1 23 43 26 |
+----------------------+----------------------+----------------------+----------------------+----------------------+----------------------+----------------------+
| 32 24 44 25 34 47 18 | 13  1 22 31 26 43 30 | 20 49 48 39 38 17 14 | 23 10 37  8  6 33 21 |  9 45 12 41 42 28  3 | 11 27 19  4 46  2 16 | 15 35 36 40  5 29  7 |
|  8 37 10  6 33 23 21 | 49 20 38 14 48 17 39 | 46 11 19  4 16 27  2 | 22  1 26 30 13 43 31 |  5 36 40 15 29 35  7 | 28  3  9 42 41 45 12 | 44 25 18 47 24 32 34 |
|  4 19 46 11 27 16  2 | 35 15 40 36  5  7 29 | 44 25 24 32 47 34 18 | 12 41  9 42 28  3 45 | 26 31 22  1 30 13 43 |  6 33 37  8 10 21 23 | 20 49 14 38 48 39 17 |
| 30 26  1 13 43 22 31 | 11 46 16  2 19 27  4 | 41 28  9 42 12  3 45 | 38 20 48 39 49 17 14 | 24 18 47 44 32 25 34 | 35  7  5 29 15 36 40 | 10  6 21 23 37  8 33 |
| 29  5 15 35  7 40 36 |  6 10 23 21 37 33  8 |  1 13 26 30 22 43 31 | 47 44 24 32 25 34 18 | 19  2 16 46  4 11 27 | 49 17 48 39 20 14 38 | 41 28 45 12  9 42  3 |
| 42  9 41 28  3 12 45 | 25 44 47 18 24 34 32 | 10  6 37  8 23 33 21 | 40 15  5 29 35  7 36 | 48 14 38 20 39 49 17 | 13 43 26 30  1 31 22 | 46 11  2 16 19  4 27 |
| 39 48 20 49 17 38 14 | 28 41 12 45  9  3 42 | 15 35  5 29 40  7 36 | 16 46 19  4 11 27  2 | 37 21 23 10  8  6 33 | 25 34 24 32 44 18 47 |  1 13 31 22 26 30 43 |
+----------------------+----------------------+----------------------+----------------------+----------------------+----------------------+----------------------+
|  9 46 45 42 16 28  3 | 32 18 25 34 15 40 24 | 21  8 44 37  6 47 33 | 35 36 41  5 29 12  7 |  1 17 49 14 48 39 22 | 30 23 10 26 31 43 13 |  2  4 27 11 20 19 38 |
| 37 44 21  8 47  6 33 | 39 14 49 17  1 22 48 |  2  4 20 19 11 38 27 | 13 31 10 26 30 23 43 | 41  7 35 36  5 29 12 | 42 16 46  9 45  3 28 | 18 32 34 25 15 24 40 |
|  5 41 36 29 12 35  7 |  8 21  6 33 44 47 37 | 31 30 10 26 13 23 43 | 25 18 15 24 32 40 34 | 20 27 11  2 19  4 38 | 39 22  1 48 14 17 49 | 45 42  3 28 46  9 16 |
| 19 20  2  4 38 11 27 | 29 36 35  7 41 12  5 | 18 32 15 24 25 40 34 | 28 45 46  9 42 16  3 | 10 43 13 31 26 30 23 |  8 47 44 37 21 33  6 | 14 39 17 49  1 48 22 |
| 26 10 31 30 23 13 43 |  4  2 11 27 20 38 19 | 45 42 46  9 28 16  3 | 49 14  1 48 39 22 17 | 15 34 25 18 24 32 40 | 29 12 41  5 36  7 35 | 21  8 33  6 44 37 47 |
| 48  1 14 39 22 49 17 | 42 45 28  3 46 16  9 | 36 29 41  5 35 12  7 | 11  2 20 19  4 38 27 | 44 33  6 21 37  8 47 | 32 40 15 24 18 34 25 | 31 30 43 13 10 26 23 |
| 24 15 18 32 40 25 34 | 30 31 13 43 10 23 26 | 14 39  1 48 49 22 17 |  6 21 44 37  8 47 33 | 46  3 28 45  9 42 16 |  4 38 20 19  2 27 11 | 36 29  7 35 41  5 12 |
+----------------------+----------------------+----------------------+----------------------+----------------------+----------------------+----------------------+
|  2 27 16 46  4  9 11 | 15 40 24 35  7 29 36 | 47 44 34 18 37 32 25 |  5 12  3 45 41 42 28 | 43 13 48 22 31  1 30 | 10  8 33 21 23  6 26 | 38 20 49 19 17 14 39 |
| 31 43 22  1 30 48 13 | 46 16  9 11 27  4  2 | 12 41  3 45  5 42 28 | 19 38 17 14 20 39 49 | 34 25 37 47 18 44 32 | 15 29  7 36 40 35 24 | 23 10  6 26 33 21  8 |
| 14 17 38 20 39 19 49 | 41 12  5 28  3 42 45 | 40 15  7 36 24 29 35 |  9 16 27  2 46  4 11 | 33  6 26 23 21 10  8 | 44 32 34 18 47 25 37 | 22  1 13 48 43 31 30 |
| 36  7 40 15 29 24 35 | 10 23 26  6 33  8 21 | 22  1 43 31 48 30 13 | 37 47 34 18 44 32 25 | 27 11  9 16  2 46  4 | 20 39 17 14 38 49 19 | 12 41 28  5  3 45 42 |
| 45  3 12 41 42  5 28 | 44 47 37 25 34 32 18 | 23 10 33 21 26  8  6 | 24 40  7 36 15 29 35 | 17 49 19 38 14 20 39 |  1 30 43 31 22 13 48 | 16 46 11  9 27  2  4 |
| 21 33 23 10  8 26  6 | 20 38 19 49 17 39 14 | 16 46 27  2  9  4 11 | 48 22 43 31  1 30 13 |  7 35 24 40 36 15 29 | 41 42  3 45 12 28  5 | 47 44 25 37 34 18 32 |
| 18 34 47 44 32 37 25 |  1 22 48 13 43 30 31 | 38 20 17 14 19 39 49 | 26 23 33 21 10  8  6 |  3 28  5 12 45 41 42 | 46  4 27  2 16 11  9 | 40 15 35 24  7 36 29 |
+----------------------+----------------------+----------------------+----------------------+----------------------+----------------------+----------------------+
