+---------------------------------------------+---------------------------------------------+---------------------------------------------+---------------------------------------------+---------------------------------------------+---------------------------------------------+---------------------------------------------+---------------------------------------------+---------------------------------------------+---------------------------------------------+---------------------------------------------+
|  95  39   7  16  32 121  49   5  89  15  22 |  69  75  34   3 111  56  66  10 108  44  42 |  93  40   9  86  90  91  17 114  36  67  80 |  43   1  73  41  65 115  74  78  28  20  54 |  14 101 120  77  33 119  21  63  68  23 104 |  70  62  94  38  27  37  83  55 110 107 106 |  52  96 102  48  45  47  13  98  12  19  58 |  51  82  99  29 117  53  24  30 105   2  50 |  92   8   4   6 103  11 113 109  87  46  84 |  72 116  79  97  71 112  76 100  85  64  61 |  26  59  18  31  35  88  81  57 118  25  60 |
|  84  92  11  87   6  46 113 109   8   4 103 |  31  88  18  60  26  25  59  57  35  81 118 |  78   1  28  54  20  43  73  74  65  41 115 |  51  82  50 117   2 105  53  99  30  24  29 |  12  19  58  96  48  45  47  13 102  98  52 | 119  77 120 101  33 104  63  21  14  23  68 |  22  32  95  39  49  15 121  16  89   7   5 | 100 112  64  85  71  72 116  79  76  97  61 |  75  42  10 108 111  34  66   3  69  44  56 |  37  27  83  62 107 110 106  94  70  55  38 | 114  86  17  67  36  90   9  93  40  80  91 |
|  25  88  18  31  35  81  59  60 118  57  26 |  41  20  73  43  74 115  54  78  65  28   1 |  64 112  79  85 116 100  61  72  97  71  76 |  94 110  38 107  62 106  37  55  83  27  70 |   8  11 109   6  92 113   4  46  84  87 103 |  49  32   5   7  39  22 121  15  89  16  95 | 111 108  56  75  66  10  44  69  42  34   3 | 120  14  21 119  23 104  33  63  68  77 101 |  90  40  93  36 114  17  86  91  67   9  80 |  52  48  13  96  98  12 102  58  45  47  19 |  53  29  50 117   2  24  30  99  82 105  51 |
|  68  33 101  23  77  63 119 120  14  21 104 |  16  39   7   5  22  95  49  15  32 121  89 |  10  42  44  66  75   3  34 111 108  69  56 |  60 118  18  31  35  25  26  57  81  88  59 | 112  61 100  97 116  85  64  79  76  71  72 |  29   2  51  50  24  53  30  99  82 117 105 |  37  62 106  27  70  55  83 107 110  38  94 |  91  40  93  86  67 114  90   9  80  36  17 |  48  12  47  96  52  19  45  58  98  13 102 |  74  20  28  65  41   1 115  43  54  78  73 | 103 113  11  87   6  92  46   4   8  84 109 |
|  80  90  17  67  36   9  86  91  40  93 114 | 117  24  50  51  53 105  29  99   2  30  82 |  55 110  83  70  27  94  38  37  62 107 106 | 120  14 101  23  77  68 104  21  63  33 119 |  42  34   3 108  75  66  10  44  56  69 111 | 113   6 109  11  92 103  46   4   8  87  84 |  26  35  25  88  59  57  81  31 118  18  60 |  58  12  47  45  98  52  48  13 102  96  19 |  20   1  78  65  74  73  54  43  41  28 115 |  22  39 121  32  16  89  95   5  49  15   7 |  72  85  61  71  97 116  79  64 112  76 100 |
|  56  75  34  69 108  44  66   3  42  10 111 |  67  90  17  91 114  80  86  93  36   9  40 |  99  82  30  29  24  51  50  53   2 117 105 | 100 112  61  71  97  76  72  64  79 116  85 |  89   7   5  32  39  49  15 121  95  16  22 |  45  96  58  19  48  52  13  47  12  98 102 | 103   6  84  92 113   4  46  87   8  11 109 |  94 110  55  70 107  37  27  83 106  62  38 |  88 118  57  35  26  18  59  60  31  81  25 | 104  33  63  77  23  14  68 120 119  21 101 |  74  54  73  41  65  20  28  78   1 115  43 |
| 105  24  50 117   2  30  29  51  82  99  53 | 107  27  38  94  37 106  70  55  62  83 110 |  47  12  13  45  48  58  19  52  96  98 102 |   5  89   7  16  32  95  22  15 121  39  49 |  40  17  91  36  90  86  93   9  80  67 114 |  59  35  60  18  88  26  81  57 118  31  25 |  74  65 115  20  54  78  28  41   1  73  43 | 109   8   4 113  87 103  92  46  84   6  11 | 116 112  64  97  72  61  85 100  71  79  76 | 111  75  44 108  69  42  56   3  66  10  34 | 104 119 101  23  77  33  63  21  14  68 120 |
| 106  27  38 107  62  83  70  94 110  55  37 |  98  48  19  58  52 102  45  47  96  13  12 |   4   8  46 113  92 109  11 103   6  87  84 |   3  42  34  69 108  56 111  10  44  75  66 |  82  50  51   2  24  29  99  30 105 117  53 |  54  65  43  73  20  74  28  78   1  41 115 |  72  97  76 116  85  64  79  71 112  61 100 |  60 118  57  59  31  26  88  81  25  35  18 |  33  14  21  77 104 101 119 120  23  63  68 | 114  90   9  36  67  40  80  91  86  93  17 |  22  49   7  16  32  39 121  15  89  95   5 |
| 115  20  73  41  65  28  54  43   1  78  74 |  71 116  61 100  72  76  85  64  97  79 112 |  21  14  63 119  33 120 101 104  77  23  68 |  58  12  19  98  96 102  52  47  13  48  45 | 118  18  60  35  88  59  57  81  25  31  26 |  66 108   3  34  75 111  44  10  42  69  56 | 114  36  80  90  86  93   9  67  40  17  91 |   5  89  15  49  16  22  39 121  95  32   7 |  24  82  99   2  53  50  29  51 117  30 105 | 103  92  46   6  87   8  84 109 113   4  11 |  37  70  38 107  62  27  83  55 110 106  94 |
| 102  48  19  98  96  13  45  58  12  47  52 |  87  92  11 109 103  84 113   4   6  46   8 |  57 118  81  59  88  60  18  26  35  31  25 |  91  40  17  67  36  80 114  93   9  90  86 | 110  38  94  62  27  70  55  83 106 107  37 |  85  97 100  61 116  72  79  64 112  71  76 | 104  77  68  33 119  21  63  23  14 101 120 |  43   1  78  54  41  74  20  28 115  65  73 |  39  89  15  32  22   7  49   5  16 121  95 |  53  24  30   2 117  82 105  51  29  99  50 | 111  66  34  69 108  75  44  10  42  56   3 |
|  76 116  61  71  97  79  85 100 112  64  72 |  23  33 101 120 104  68 119  21  77  63  14 |  15  89 121  49  39   5   7  22  32  16  95 | 109   8  11  87   6  84 103   4  46  92 113 |   1  73  43  65  20  54  78  28 115  41  74 |  86  36  91  17  90 114   9  93  40  67  80 |  53   2 105  24  29  99  30 117  82  50  51 |   3  42  10  66  69 111  75  44  56 108  34 |  27 110  55  62  37  38  70  94 107  83 106 |  26  88  81  35  31 118  25  60  59  57  18 |  52  45  19  98  96  48  13  47  12 102  58 |
+---------------------------------------------+---------------------------------------------+---------------------------------------------+---------------------------------------------+---------------------------------------------+---------------------------------------------+---------------------------------------------+---------------------------------------------+---------------------------------------------+---------------------------------------------+---------------------------------------------+
|  47  12  48 102  19  52  98  96  49  13  58 |  84   8  92   6 109   4  87  46  11 103  66 |  81  86  26  31 118  35  88  60  18  25  57 |  36  54  90  80  17  93  91   9 114  40  67 | 119  27  62  38 110 107  83  37  55 106  94 |  71  61  97 116 112 100  72  79  70  76  64 | 120 101  21  14  23  63 104  68  45  33  77 |  65  29  28  41 115  43   1  74  78  73  20 |  89 113 121   7   5  39  16  32  95  22  15 |  51  82  53  50 105  85  99   2 117  30  24 |   3  69  75  56  34  42 111  44  59  10 108 |
|  15  89  39  95   7  22  16  32 113 121   5 |  56  42  75 108   3  10  69  44  34 111  59 |   9  54 114  67  40  36  90  91  17  80  93 |  65  29  20 115  73  78  43  28  74   1  41 |  45  33  77 101  14  23  63 104  21  68 120 | 107  38  62  27 110  94  37  83 119 106  55 |  58  19  47  12  98  13  52 102  49  48  96 |   2  85  30 117 105  51  82  53  99  50  24 |   8  66  46  11 109  92  87   6  84 103   4 | 100 112  72  61  76  70  64  97  71  79 116 |  60  31  88  25  18 118  26  81  86  57  35 |
|  64 112 116  76  61  72  71  97  70  79 100 |  68  14  33  77 120  21  23  63 101 104  45 | 121 113  22  16  89  32  39   5   7  95  15 |   6  66  92  84  11   4 109  46 103   8  87 |  29  20  65  73   1  41  28  74  78 115  43 |  67  17  36  90  40  91 114   9  54  80  93 |  51  50  99  82 117  30  53 105  85  24   2 | 108  59  44  69  56   3  42 111  10  34  75 | 110 119  83  38  94  27 107  62 106  37  55 |  60 118  26  18  25  86  57  35  31  81  88 |  58  98  48 102  19  12  52  13  49  47  96 |
|  78   1  20 115  73  74  41  65  29  28  43 |  76 112 116  97 100  64  71  79  61  72  70 |  63  45 104  23  14  77  33 120 101  68  21 |  96  49  48 102  19  47  58  13  52  12  98 |  86  88  35  18 118  31  81  26  57  25  60 |  69  34 108  75  42   3 111  44  59  56  10 |  91  17  93  40  67   9 114  80  54  90  36 |  32 113 121  16  95   5  89  22  15   7  39 |  82  85  30  50  51  24 117   2 105  53  99 | 109   8 103  11  84  66   4   6  87  46  92 |  94 107  27 106  38 110  37  83 119  55  62 |
|  57 118  88  25  18  26  31  35  86  81  60 | 115   1  20  65  43  78  41  28  73  74  29 |  79  70  72  71 112  97 116 100  61  76  64 |  62 119  27 106  38  55  94  83  37 110 107 |  66  92   6  11   8  87  46 103   4  84 109 |  16   7  32  39  89   5  22 121 113  95  15 |   3  34  10  42  69  44 111  56  59  75 108 |  77  45  63  23  68 120  14 104  21 101  33 |  40  54   9  17  91  90  67  36  80 114  93 |  58  12  52  19 102  49  47  96  98  13  48 |  51 117  24 105  50  82  53  30  85  99   2 |
|  21  14  33  68 101 104  23  77  45  63 120 |  95  89  39  32   5  15  16 121   7  22 113 |  44  59 111  69  42 108  75   3  34  56  10 |  35  86  88  25  18  57  60  81  26 118  31 |  70 116  97  61 112  71  79  72  64  76 100 | 117  50   2  24  82  51  53  30  85 105  99 |  94  38  55 110 107  83  37 106 119  27  62 |  36  54   9  67  80  91  40 114  93  17  90 |  12  49  13  19  58  48  98  96 102  52  47 |  43   1  74  73 115  29  78  65  41  28  20 | 109  87  92  84  11   8 103  46  66   4   6 |
|  55 110  27 106  38  37 107  62 119  83  94 | 102  12  48  96  58  47  98  13  19  52  49 |  46  66 103  87   8   6  92 109  11  84   4 | 108  59  75  56  34  10   3  44 111  42  69 |  85  24   2  50  82 117  30  53  99 105  51 |  41  73  65  20   1  43  74  28  29 115  78 | 100  61  64 112  71  79  72  76  70 116  97 |  35  86  81  31  25  60 118  26  57  18  88 |  14  45  63 101 120  33  23  77  68 104  21 |  91  40 114  17  80  54  93  36  67   9  90 |   5  16  39  95   7  89  22 121 113  15  32 |
|  10  42  75  56  34 111  69 108  59  44   3 |  80  40  90  36  91  93  67   9  17 114  54 |  30  85  53 117  82   2  24  51  50 105  99 |  97  70 116  76  61  64 100  79  72 112  71 | 113  39  32   7  89  16 121  22  15  95   5 |  98  19  96  48  12  58  52  13  49 102  47 | 109  11   4   8  87  46 103  84  66  92   6 |  62 119  83 107 106  94 110  37  55  38  27 | 118  86  81  18  60  88  31  35  25  26  57 | 120  14 104 101  68  45  21  77  23  63  33 |  43  41  20 115  73   1  74  28  29  78  65 |
|  93  40  90  80  17 114  67  36  54   9  91 | 105  82  24   2  51  99 117  30  50  53  85 |  83 119  37 107 110  62  27  94  38 106  55 |  77  45  33  68 101  21 120  63 104  14  23 |  59  75 108  34  42  69  44 111  10  56   3 |  87  11   6  92   8 109 103  46  66  84   4 |  60  18  57 118  31  81  26  25  86  88  35 |  96  49  13  98 102  58  12  52  47  19  48 |   1  29  28  73  43  20  41  65 115  74  78 |   5  89  22   7  95 113  15  32  16 121  39 | 100  71 116  76  61 112  72  79  70  64  97 |
|   4   8  92  84  11 103  87   6  66  46 109 |  25 118  88  35  60  57  31  81  18  26  86 |  28  29  74  41   1  65  20  43  73 115  78 |   2  85  24 105  50  99  51  30  53  82 117 |  49  48  96  19  12  98  13  52  47 102  58 |  23 101  77  33  14 120 104  63  45  68  21 |   5   7  15  89  16 121  22  95 113  39  32 |  97  70  79  71  76 100 112  72  64  61 116 |  42  59  44  34   3  75  69 108  56 111  10 |  94 110  37  38 106 119  55  62 107  83  27 |  91  67  90  80  17  40 114   9  54  93  36 |
|  99  82  24 105  50  53 117   2  85  30  51 | 106 110  27  62  94  55 107  83  38  37 119 |  13  49  52  98  12  96  48  58  19 102  47 |  32 113  39  95   7  15   5 121  22  89  16 |  54  90  36  17  40  67   9 114  93  80  91 |  31  18  35  88 118  60  26  81  86  25  57 |  43  73  78   1  41  28  74 115  29  20  65 |   6  66  46  87  84 109   8 103   4  11  92 | 112  70  79  61 100 116  71  97  76  72  64 |   3  42 111  34  56  59  10 108  69  44  75 | 120  23  33  68 101  14 104  63  45  21  77 |
+---------------------------------------------+---------------------------------------------+---------------------------------------------+---------------------------------------------+---------------------------------------------+---------------------------------------------+---------------------------------------------+---------------------------------------------+---------------------------------------------+---------------------------------------------+---------------------------------------------+
| 110 120 104  27  63  23  38  21  77 119  68 |  48   5  22  15  95  12  19  49 121  16  32 |  66 108  69  11   3  10 111  56  44  92   8 |  57  35  26  75  81  42  25  59  31  60  34 |  97  72  64  79 100  50  85  71  82  24  76 |  73  30  99  53  51 105 117  29   2  20   1 | 106  83 112  94  61  70 107 116  62  37  55 |  93  36  86  18  88  80  91  67 118   9 114 |  58  96  45  13 102  52 101  47  33  98  14 | 115  43  41  28  90  65  40  78  17  54  74 |  84   7 103  39  46 109  87 113   6  89   4 |
|  14  58  52  33  13  98 101  47  96  45 102 |  39 109 103   4  84  89   7 113  46  87   6 |  59  35  31  34  60  57  26  25  81  75  42 |  93  36 114  88   9 118  80  86  67  91  18 |  62  37  55  83  94  61  70 107 112 116 106 |  50  79  64  72 100  76  71  85  97  24  82 |  68  63 110 120  38 119  23  27  77 104  21 |  78  65  54  17  90 115  43  41  40  28  74 |   5  32  49 121  95  22  19  15  48  16  12 | 105  51 117  30  20   2   1  99  73  29  53 |  56  11 111  92  44   3  69  66 108   8  10 |
|  89 109 103  39  46  87   7   4   6 113  84 |  75  60  26  57  25  42  34  59  81  31  35 |  54  65  41  17  43  78  74 115  28  90  40 |  99   2  53  20  30   1 105  29 117  51  73 |  96  52  47  13  58 101  45  98  14  33 102 |  38  63  21 104 120  68  23 119  77  27 110 |  95 121  12   5  19  49  16  48  32  22  15 |  64  97  85  50  24  76 100  71  82  79  72 |   3 108  66  44  56 111  11  10  92  69   8 | 106  94 107  83 116  62 112  55  61  70  37 |  80  18 114  88   9  91  67  86  36 118  93 |
|  12   5  22  48 121  16  19  15  32  49  95 |  92   3 111  10  56   8  11  66  44  69 108 |  86  36  67  18  91  93 114  80   9  88 118 |  78  65  74  90  28  40 115  54  41  43  17 |  77 104  21  63 120  38 119  23 110  27  68 |  61  83  55  37  94 106 107  70  62 116 112 | 102  13  14  58 101  45  98  33  96  52  47 |  99   2  29  73  20 105  51 117   1  30  53 | 109   6 113  46  84 103   7   4  39  87  89 |  76 100  71  79  24  97  82  64  50  85  72 |  25  34  26  75  81  60  31  59  35  42  57 |
|  40  43  74  90  28  41  17  78  65  54 115 |  24 100  72  64  76  82  50  85  79  71  97 | 119  77  23  38 120  21 104  68  63  27 110 |  47  96  52  33  13  14 102  45  98  58 101 |  35  26  57  81  60  34  59  31  42  75  25 |  11  44  10 111   3  56  69  66 108  92   8 |  80   9 118  91  18  86  67  88  36 114  93 |  15  32  49  19  48  95   5  16  12 121  22 |  51   2  29  30 105  53  73  99  20 117   1 |  84 109  87  46  39   6  89   4   7 113 103 | 106  61  37 116  83  94 107  70  62 112  55 |
|  42  60  26  75  81  31  34  57  35  59  25 |  90  43  74  78 115  40  17  54  28  41  65 |  85  97  71  50 100  64  72  76  79  24  82 |  55  62  37 116  83 112 106  70 107  94  61 |   6 103   4  46 109   7 113  87  89  39  84 |  19 121  15  22   5  95  16  49  32  48  12 |  56  44   8   3  11  66  69  92 108 111  10 |  21  77 119  38  27  68 120  23 110  63 104 |  91  36  86   9  80 114  18  93  88  67 118 | 102  58  98  13  33  96  14  47 101  45  52 | 105  73  53  20  30  51 117  29   2   1  99 |
|   1  51  53  20  30 117  73  99   2  29 105 | 116  94  37  55 106 112  61  70  83 107  62 |  45  96  98 101  58  47  52 102  13  33  14 |  15  32  22  48 121  12  95  49  16   5  19 |  36 114  93   9  91  18  86  67 118  88  80 |  34  81  57  26  60  25  31  59  35  75  42 | 115  28  40  43  17  54  41  90  65  74  78 |   4   6 113   7  39  84 109  87  89  46 103 | 100  97  85  79  76  72  50  64  24  71  82 |  56   3  69  44  92 108   8  10  11  66 111 |  68  38 104  27  63 120  23 119  77 110  21 |
|  82 100  72  24  79  71  50  64  97  85  76 |  27 120 104  21  68 110  38 119  63  23  77 |  49  32  16  19   5  15  22  95 121  48  12 |   4   6 103  39  46  89  84 113  87 109   7 |  65  74  78  28  43  17  54  41  40  90 115 |  18   9  93 114  91  80  67  86  36  88 118 | 105  30   1  51  73  29 117  20   2  53  99 |  10 108  66  11  92  56   3  69   8  44 111 |  94  62  70  83 106  37  61  55 116 107 112 |  25  60  31  81  75  35  42  57  34  59  26 | 102 101  52  33  13  58  98  45  96  14  47 |
| 112  94  37 116  83 107  61  55  62  70 106 |  33  58  52  47 102  14 101  45  13  98  96 | 113   6  87   7 109   4 103  84  46  39  89 |  10 108 111  92  44   8  56  66  69   3  11 |   2  53  99  30  51  73  29 117   1  20 105 |  17  28  78  74  43 115  41  54  65  90  40 |  76  79  82 100  50  85  71  24  97  72  64 |  57  35  59  34  75  25  60  31  42  81  26 | 120  77 119  63  68 104  38  21  27  23 110 |  80  91  67   9  88  36 118  93  18  86 114 |  95  19  22  48 121   5  16  49  32  12  15 |
| 118  91 114  88   9  67  18  93  36  86  80 |  20  51  53  99 105   1  73  29  30 117   2 |  70  62 107  61  94  55  37 106  83 116 112 |  21  77 104  27  63 110  68 119  23 120  38 | 108 111  10  44   3  11  66  69   8  92  56 |   7  46   4 103 109  84  87 113   6  39  89 |  25  81  42  60  34  59  31  75  35  26  57 |  47  96  45 101  33 102  58  98  14  13  52 |  43  65  54  28 115  74  17  78  90  41  40 |  95   5  16 121  48  32  12  15  19  49  22 |  76  50  72  24  79 100  71  85  97  82  64 |
|   8   3 111  92  44  69  11  10 108  66  56 |  88  91 114  93  80 118  18  86   9  67  36 |  29   2 117  73  51  99  53 105  30  20   1 |  64  97  72  24  79  82  76  85  71 100  50 |  32  22  15 121   5  19  49  16  12  48  95 | 101  13  47  52  58 102  98  45  96  33  14 |  84  46  89 109   7 113  87  39   6 103   4 |  55  62  70  61 116 106  94 107 112  83  37 |  60  35  59  81  25  26  34  57  75  31  42 |  68 120  23  63  27  77 110  21  38 119 104 | 115  17  74  90  28  43  41  54  65  40  78 |
+---------------------------------------------+---------------------------------------------+---------------------------------------------+---------------------------------------------+---------------------------------------------+---------------------------------------------+---------------------------------------------+---------------------------------------------+---------------------------------------------+---------------------------------------------+---------------------------------------------+
|  27 104  63  38  21 119  62  68 120 110  23 |  19  22 121  95  16  48  96  12  15  49   5 |   8   3  66   6 111  56  44  69  10  11  92 |  25  60  81  34  57  75  31  42  59  26 108 | 100  79  76  64  72   2  82  85  24  50  71 |  65  99 105  30  53 117  29   1  51  73  20 | 107  55 116  37  97 112  70  61  94  83 106 |  80  91 118  35  18  67 114  86  88  93   9 |  52  58  14  47  98  13  77 102 101  45  33 |  41  74  54  78  17  43  90 115  36  40  28 |  87  32  46   7   4 103 113  89 109  39  84 |
|  48  22 121  19  15  49  96  95   5  12  16 |  11 111  44  56  69  92   6   8  10  66   3 | 118  91  86  35 114  80   9  67  93  18  88 | 115  43  28  17  78  90  41  40  54  74  36 | 120  63  68  21 104  62 110 119  27  38  23 |  97  55 106  83  37 107  70 112  94  61 116 |  98  47  33  52  77  14  45 101  58  13 102 | 105  51   1  65  73 117  53  29  20  99  30 | 103 109  89   4  87  46  32  84   7 113  39 |  71  72  85  64  50 100  24  76   2  82  79 |  31 108  81  34  57  26  59  42  60  75  25 |
| 116  37  83  61  55  70  97 106  94 112 107 | 101  52  13 102  98  33  77  14  47  45  58 |  89 109 113  32 103  84  46  87   4   7  39 |  56   3  44  11  10  92  69   8  66 111   6 |  51  30 105  99  53  65   1  29  20  73 117 |  36  78 115  28  74  41  54  40  43  17  90 |  71  64  24  72   2  82  85  50 100  79  76 |  25  60  42 108  34  31  26  59  75  57  81 | 104 120 110  21  23  63  62  68  38 119  27 |  67 114  86  93  18  91  88  80  35 118   9 |  16  96 121  19  15  22  49  12   5  48  95 |
|  75  26  81  34  57  59 108  25  60  42  31 |  17  74  28 115  41  90  36  40  78  54  43 |  82 100  85   2  72  76  79  71  64  50  24 | 106  94  83  61  55 116 107 112  70  37  97 | 109  46  84   4 103  32  89 113  39   7  87 |  96  15  95 121  22  16  49  12   5  19  48 |  69  10  92 111   6   8  66  11   3  44  56 |  68 120 110  62  38  23 104 119  27  21  63 | 114  91 118  93  67   9  35  80  18  86  88 |  98  52  45  47 101  58  33 102  77  14  13 | 117  65  30  73  99  53  29   1  51  20 105 |
|  33  52  13 101  47  45  77 102  58  14  98 |   7 103  46  84  87  39  32  89   4 113 109 |  42  60  59 108  26  25  81  31  57  34  75 |  80  91   9  18  93  88  67 118  86 114  35 |  94  83 106  55  37  97 112  70 116  61 107 |   2  64  76  79  72  71  85  82 100  50  24 |  23  21  27 104  62 110 119  38 120  63  68 | 115  43  40  36  17  41  74  54  90  78  28 |  22   5  12  15  16 121  96  95  19  49  48 | 117  53  29  99  73  51  20 105  65   1  30 |  69   6  44  11  10 111  66   8   3  92  56 |
|  88 114   9  18  93  86  35  80  91 118  67 |  73  53  30 105 117  20  65   1  99  29  51 | 112  94  70  97  37 106  83 107  55  61 116 |  68 120  63  38  21  27  23 110 119 104  62 |   3  44  56  10 111   6   8  66  92  11  69 |  32   4  84  46 103  87 113  89 109   7  39 |  31  57  75  26 108  42  59  34  60  81  25 | 102  58  14  77 101  98  52  45  33  47  13 |  74  43  40  78  41  28  36 115  17  54  90 |  16  22  49  15  19   5  48  95  96  12 121 |  71   2  79  50  64  72  85  82 100  24  76 |
|  20  53  30  73  99  29  65 105  51   1 117 |  61  37  83 106 107 116  97 112  55  70  94 |  14  58  45  77  52 102  13  98  47 101  33 |  95   5 121  19  15  48  16  12  49  22  96 |  91   9  80  93 114  35 118  86  88  18  67 | 108  57  25  81  26  31  59  42  60  34  75 |  41  78  90  74  36  40  54  17  43  28 115 |  84 109  89  32   7  87 103 113  39   4  46 |  72 100  82  64  71  79   2  76  50  85  24 |  69 111  66  10  11   3  92  56   6   8  44 |  23  62  63  38  21 104 119 110 120  27  68 |
|  24  72  79  50  64  85   2  76 100  82  71 |  38 104  63  68  23  27  62 110  21 119 120 |  12   5  49  96  22  95 121  16  15  19  48 |  84 109  46   7   4  39  87  89 113 103  32 |  43  28 115  78  74  36  40  54  90  17  41 |  35  93  80   9 114  67  86 118  91  18  88 | 117  99  20  53  65   1  29  73  51  30 105 |  56   3   8   6  11  69 111  66  92  10  44 |  37  94 112  55 107  83  97 106  61  70 116 |  31  26  59  57  34  60  75  25 108  42  81 |  98  77  13 101  47  52  45  14  58  33 102 |
|  92 111  44  11  10  66   6  56   3   8  69 |  18 114   9  80  67  88  35 118  93  86  91 |   1  51  29  65  53 105  30 117  99  73  20 |  76 100  79  50  64  24  71  82  85  72   2 |   5 121  95  15  22  96  12  49  48  19  16 |  77  47 102  13  52  98  45  14  58 101  33 |  87   4  39 103  32  89 113   7 109  46  84 | 106  94 112  97  61 107  37  70 116  55  83 |  26  60  42  57  31  81 108  25  34  59  75 |  23 104 119  21  38 120  27  68  62 110  63 |  41  36  28  17  78  74  54  40  43  90 115 |
|  39 103  46   7   4 113  32  84 109  89  87 |  34  26  81  25  31  75 108  42  57  59  60 |  40  43  54  36  74 115  28  41  78  17  90 | 105  51  30  73  99  20 117   1  29  53  65 |  58  13 102  47  52  77  14  45  33 101  98 |  62  21  68  63 104  23 119 110 120  38  27 |  16  15  48  22  96  12  49  19   5 121  95 |  76 100  82   2  50  71  72  85  24  64  79 | 111   3   8  10  69  44   6  56  11  66  92 | 107  37  70  55  61  94 116 106  97 112  83 |  67  35   9  18  93 114  86 118  91  88  80 |
|  90  74  28  17  78  54  36 115  43  40  41 |  50  72  79  76  71  24   2  82  64  85 100 | 110 120 119  62 104  68  63  23  21  38  27 | 102  58  13 101  47  33  98  14  45  52  77 |  60  81  25  57  26 108  42  59  75  34  31 |   6  10  56  44 111  69  66   8   3  11  92 |  67  93  88 114  35 118  86  18  91   9  80 |  95   5  12  96  19  16  22  49  48  15 121 |  53  51   1  99 117  30  65 105  73  29  20 |  87 103 113   4   7 109  39  84  32  89  46 | 107  97  83  61  55  37  70 112  94 116 106 |
+---------------------------------------------+---------------------------------------------+---------------------------------------------+---------------------------------------------+---------------------------------------------+---------------------------------------------+---------------------------------------------+---------------------------------------------+---------------------------------------------+---------------------------------------------+---------------------------------------------+
| 100 106 107  72  70  61  79 112  55  97 116 | 104 102  98  14  33 120  63  77  45 101  47 |  32   4   7 121  84  89  87  39 113  22   5 |   8  10  69 103  66 109  92   6  11  56  46 |  99 117   1  29 105  28  65  73  43  74  20 |   9  54  40  41 115  90  17  36  78 114  91 |  24  85  51  76  30   2  50  53  64  71  82 |  42  57 108  44 111  75  25  34   3  59  31 |  68  21  62 119  27  23  83 110  37  38  94 |  88  80  18  86  26  93  60 118  81  35  67 |  48  13  16  52  49  95  19  96  15  58  12 |
|  94  68  23  37 119  38  83 110  21  62  27 |  52  95  16  12  48  58  13  96  49  19  15 |   6  10  11  46  56   8  69  92  66 103 109 |  42  57  31 111  59   3  75 108  34  25  44 |  64  71  82  85  76  30   2  50  51  53  24 |  28  29   1 117 105  20  73  65  99  74  43 | 116  70 100 106  79  97  61  72  55 107 112 | 118  93  35  81  26  88  80  18  60  86  67 | 102  47  77  45  33  98  63  14 104 101 120 |  90 115  17  54 114  78  91  40   9  36  41 |  39 121  87  22 113  84   7  32   4   5  89 |
| 120 102  98 104  45 101  63  14  47  77  33 |  22  84  87  89  39   5 121  32 113   7   4 | 108  57  34  44  25  42  31  75  59 111   3 | 118  93  67  26  86  60  88  35  18  80  81 |  55 107 112  70 106  79  97  61 100  72 116 |  30  85  82  71  76  24  50   2  64  53  51 |  27 119  94  68  83  62  38  37  21  23 110 |  40  78  36   9 114  90 115  17  91  54  41 |  95  15  96  49  48  16  13  12  52  19  58 |  20 105  73  29  74  99  43   1  28  65 117 |  92  46  69 103  66  56  11   6  10 109   8 |
|  60  80  67  26  86  18  81 118  93  35  88 |  74 105 117   1  20  43  28  65  29  73  99 |  97  55  61  79 106 112 107 116  70  72 100 | 110  21  23  37 119  94  27  62  38  68  83 |  10  69   8  66  56  46   6  11 109 103  92 | 121 113  89  87  84  39   7  32   4  22   5 |  75  59   3  25  44 108  34 111  57  31  42 |  14  47  77  63 104  33 102 101 120  45  98 | 115  78  36  54  90  41   9  40 114  17  91 |  48  95  19  49  52  15  58  12  13  96  16 |  24  30  71  53  85  76  50   2  64  51  82 |
|  51  76  71  53  85  50  30  82  64   2  24 |  37  68  23 110  27  94  83  62 119  38  21 |  96  15  19  13  95  12  16  48  49  52  58 |  89   4  87  22 113   5  39  32   7  84 121 |  78  41  40  54 115   9  36  17  91 114  90 |  81  86 118  67  80  88  18  35  93  26  60 |  20  29  43 105  28  65  73  74  99 117   1 |   8  10   6  46 103  92  56  11 109  66  69 | 106  55  97  70 116 107  79 112  72  61 100 |  75  25  34  59 111  57   3  42  44 108  31 |  33  63  98 104  45 102 101  77  47 120  14 |
|   3  25  31 111  59  34  44  42  57 108  75 | 114 115  41  40  90  91   9  36  54  17  78 |   2  64  50  30  76  82  71  24  85  53  51 | 112  55 107  72  70 100 116  97  61 106  79 |   4  87  89 113  84 121  32   7   5  22  39 |  13  49  12  16  95  48  19  96  15  52  58 |  92  66 109  56  46   6  11 103  10  69   8 | 110  21  62  83  37  27  68  38  94 119  23 |  80  93  35  86  88  67  81 118  26  18  60 |  33 102 101  45 104  47 120  14  63  77  98 |  20  28 117  74  29 105  73  65  99  43   1 |
|  91 115  41 114  54  17   9  40  78  36  90 |  53  76  71  82  24  51  30   2  85  50  64 |  62  21  38  83  68 110  23  27 119  37  94 |  14  47  98 104  45 120  33  77 101 102  63 |  57  31  42  59  25  44 108  34   3 111  75 |  46  66   8  69  56  92  11   6  10 103 109 |  88  86  60  80  81  35  18  26  93  67 118 |  12  15  96  13  52  48  95  19  58  49  16 | 105  99  65  29  20 117  28   1  74  73  43 |  39  84   7 113  22   4   5  89 121  32  87 | 116  79 107  72  70 106  61  97  55 100 112 |
|  43 105 117  74  29  73  28   1  99  65  20 |  72 106 107 112 116 100  79  97  70  61  55 |  77  47 101  63 102  14  98  33  45 104 120 |  12  15  16  52  49  58  48  96  19  95  13 |  93  67 118  86  80  81  35  18  60  26  88 |  44  59  42  31  25  75  34 108  57 111   3 |  90  54  91 115   9  36  17 114  78  41  40 |  89   4  32 121  22  39  84   7   5 113  87 |  76  64   2  85  24  71  30  82  53  50  51 |  92  56  11  66 103  10 109   8  46   6  69 |  27  83  23  37 119  68  38  62  21  94 110 |
|   5  84  87  22 113   7 121  89   4  32  39 | 111  25  31  42  75   3  44 108  59  34  57 |  36  78  17   9 115  40  41  90  54 114  91 |   1  99 117  74  29  43  20  65  73 105  28 |  47  98  14  45 102  63  77 101 120 104  33 |  83 119 110  23  68  27  38  62  21  37  94 |  48  49  58  95  13  96  19  52  15  16  12 |  82  64   2  30  53  24  76  50  51  85  71 |  56  10   6  66  92  69  46   8 103  11 109 | 116 106  61  70  72  55 100 112  79  97 107 |  88  81  67  26  86  80  18  35  93  60 118 |
|  58  95  16  52  49  19  13  12  15  96  48 | 103  56  69   8  92 109  46   6  66  11  10 |  35  93  18  81  80 118  67  88  86  26  60 |  40  78  41 114  54  91  90  36  17 115   9 |  21  23 110 119  68  83  62  38  94  37  27 |  79  70 112 107 106 116  61  97  55  72 100 |  33  45 120 102  63  77 101 104  47  98  14 |   1  99  65  28  74  20 105  73  43  29 117 |  84   4  32 113  39  87 121  89  22   7   5 |  24  76  50  85  53  64  51  82  30   2  71 |  75  44  31 111  59  25  34 108  57   3  42 |
| 109  56  69 103  66  11  46   8  10   6  92 |  26  80  67 118  88  60  81  35  86  18  93 |  65  99  73  28 105   1 117  20  29  74  43 |  82  64  71  53  85  51  24   2  50  76  30 |  15  16  12  49  95  13  96  19  58  52  48 |  63  45  14  98 102  33 101  77  47 104 120 |  39 113   5  84 121  32   7  22   4  87  89 | 112  55  97  79  72 116 106  61 100  70 107 |  25  57 108  59  75  31  44  42 111  34   3 |  27  68  38 119  37  21  94 110  83  62  23 |  90   9  41 114  54 115  17  36  78  91  40 |
+---------------------------------------------+---------------------------------------------+---------------------------------------------+---------------------------------------------+---------------------------------------------+---------------------------------------------+---------------------------------------------+---------------------------------------------+---------------------------------------------+---------------------------------------------+---------------------------------------------+
|  37  23 119  83 110  62  55  27  68  94  38 |  13  16  49  48  19  52  47  58  12  96  95 | 109  56   6   4  69  92  66  11   8  46 103 |  75  25  59  44  42 111  34   3 108  31  10 |  76  85  24  82  71  99  51   2  53  30  50 |  78   1  20  29 117  73  65  43 105  28  74 |  61 112  72 107  64 100  97  79 106  70 116 |  88  80  60  57  81  18  67  35  26 118  86 |  98 102 120  14 101  45  21  33  63  77 104 |  17  41  36  40   9 115 114  90  93  91  54 |   7  15 113 121  89  87  32   5  84  22  39 |
|  52  16  49  13  12  96  47  48  95  58  19 |  46  69  66  92  11 103   4 109   8   6  56 |  60  80  35  57  67  88  86  18 118  81  26 |  90 115  54   9  40 114  17  91  36  41  93 |  68 119  27 110  23  55  94  62  37  83  38 |  64 112 116  70 107  61  97 100 106  79  72 | 101  14 104  98  21 120  77  63 102  45  33 |  20 105  43  78  28  73 117  65  74   1  29 |  87  84   5  89   7 113  15  39 121  32  22 |  50  71   2  82  30  76  53  24  99  51  85 |  34  10  59  44  42  31 108   3  25 111  75 |
|  53  71  85  30  82   2  99  24  76  51  50 |  83  23 119  27  38  37  55  94 110  62  68 |  58  95  96  47  16  48  49  19  12  13  52 |  39  84 113 121  89  22   7   5  32  87  15 | 115  54  90  40  41  93  91  36 114   9  17 |  57 118  88  86  67  18  35  60  80  81  26 |  73   1  74 117  78  43  65  28 105  29  20 |  92  56 109   4  46  11  69   6 103   8  66 | 107 106 100 112  61  70  64 116  79  97  72 |  34  31 108  42  44  25 111  75  10   3  59 | 101  21  45  63  14  98  77 120 102 104  33 |
| 111  31  59  44  42 108  10  75  25   3  34 |   9  41  54  90  17 114  93  91  40  36 115 |  51  76   2  99  71  24  85  50  82  30  53 | 116 106  70  79 112  72  61 100  97 107  64 |  84 113  39  89  87  15   5  32  22 121   7 |  47  12  48  49  16  19  96  58  95  13  52 |  11   8 103  69   4 109   6  46  56  66  92 |  27  68  94  55  83  38  23  62  37 110 119 |  67  80  60 118  18  86  57  88  81  35  26 | 101  98  77  14  63 102 104  33  21 120  45 |  73  78  29  28   1 117  65  43 105  74  20 |
| 114  41  54   9  40  36  93  90 115  91  17 |  30  71  85  24  50  53  99  51  82   2  76 |  94  68  62  55  23  27 119  38 110  83  37 |  33 102  45  63  14 104 101 120  77  98  21 |  25  59  75  42  31  10   3 108 111  44  34 |   4   8  92  66  69  11   6 109  56  46 103 |  18 118  26  67  57  60  35  81  80  86  88 |  48  95  58  47  13  19  16  96  52  12  49 | 117 105  43   1  73  29  78  20  28  65  74 |   7  87  32  89 121  84  22  39  15   5 113 |  61  64  70  79 112 107  97 100 106  72 116 |
|  72 107  70  79 112  97  64 116 106 100  61 |  63  98  45  33 101 104  21 120  14  77 102 |   5  84  32  15  87  39 113   7  89 121  22 |  92  56  66  46   8 103  11 109   6  69   4 | 105  29  20   1 117  78  43  65  74  28  73 |  93  40  90  54  41  17  36  91 115   9 114 |  50  82  53  71  99  51   2  30  76  85  24 |  75  25   3  10  44  34  31 108 111  42  59 |  23  68  94 110  38 119  55  27  83  62  37 |  18  67  35 118  81  80  26  88  57  60  86 |  19  47  49  13  12  16  96  58  95  52  48 |
| 104  98  45  63  14  77  21  33 102 120 101 | 121  87 113  39   7  22  15   5  89  32  84 |   3  25 108  10  31  75  59  34  42  44 111 |  88  80  86  81 118  26  18  60  35  67  57 | 106  70 116 112 107  64 100  97  72  79  61 |  99  82  24  85  71  50   2  51  76  30  53 |  38 110  37  23  55  94  62  83  68 119  27 |  90 115  91  93   9  17  41  36 114  40  54 |  16  95  58  12  19  49  47  48  13  96  52 |  73 117  65   1  28 105  74  20  78  43  29 |  11   4  66  46   8  69   6 109  56 103  92 |
|  74 117  29  28   1  65  78  20 105  43  73 |  79 107  70 116  61  72  64 100 112  97 106 | 120 102  77  21  98  33  45 101  14  63 104 |  48  95  49  13  12  52  19  58  96  16  47 |  80  86  88 118  67  57  60  35  26  81  18 |  10  42  75  59  31  34 108   3  25  44 111 |  17  40 114  41  93  91  36   9 115  54  90 |  39  84   5  15 121   7  87  32  22  89 113 |  71  76  51  82  50  85  99  24  30   2  53 |  11  69   6   8  46  56 103  92   4 109  66 |  38  55 119  83 110  23  62  94  68  37  27 |
|  22  87 113 121  89  32  15  39  84   5   7 |  44  31  59  75  34 111  10   3  42 108  25 |  91 115  36  93  41  90  54  17  40   9 114 |  20 105  29  28   1  74  73  43  65 117  78 | 102  45  33  14  98  21 120  77 104  63 101 |  55 110  27 119  23  38  62  94  68  83  37 |  19  12  52  16  47  58  96  13  95  49  48 |  24  76  51  99  30  50  71   2  53  82  85 |  69  56 109   8  11  66   4  92  46   6 103 |  61 107  97 112  79 106  72 116  64 100  70 |  18  57  86  81 118  67  35  60  80  26  88 |
| 103  69  66  46   8   6   4  92  56 109  11 |  81  67  86  88  18  26  57  60 118  35  80 |  43 105  65  78 117  20  29  73   1  28  74 |  24  76  85  30  82  53  50  51   2  71  99 |  95  49  48  12  16  47  58  96  52  13  19 |  21  14  33  45  98 101  77 120 102  63 104 |   7  89  22  87  15   5  32 121  84 113  39 | 116 106 100  64  79  61 107  97  72 112  70 |  31  25   3  42  34  59  10  75  44 108 111 |  38  23  62 110  83  68  37  27  55  94 119 |  17  93  54   9  40  41  36  91 115 114  90 |
|  26  67  86  81 118  35  57  88  80  60  18 |  28 117  29  20  73  74  78  43   1  65 105 | 100 106  97  64 107 116  70  61 112  79  72 |  27  68 119  83 110  37  38  94  62  23  55 |  56  66  92   8  69   4 109   6 103  46  11 |  15  89  39 113  87   7  32   5  84 121  22 |  34  42 111  31  10   3 108  44  25  59  75 |  33 102 120  21  63 101  98  77 104  14  45 |  41 115  91  40  17  54  93  90   9  36 114 |  19  16  96  12  13  95  52  48  47  58  49 |  50  99  85  30  82  71   2  51  76  53  24 |
+---------------------------------------------+---------------------------------------------+---------------------------------------------+---------------------------------------------+---------------------------------------------+---------------------------------------------+---------------------------------------------+---------------------------------------------+---------------------------------------------+---------------------------------------------+---------------------------------------------+
|  61  83  55  97 106 112 100 107  37 116  70 |  77  13  47  98  45 101 120  33 102  14  52 |  39 103  89   5  46  87   4 113  84  32   7 |  69 111  10   6  56  11  66  92   8  44 109 |  53  99 117 105  30  43  20   1  73  65  29 |  91 115  41  78  28  54  40  90  74  36  17 |  85  76  50  79  51  24  82   2  72  64  71 |  31  26  75   3 108  59  81  42  34  25  57 |  63 104  27  68 119  21  94  23  62 110  38 |  86   9 118  80  35 114  18  67  60  88  93 |  49  58  15  96  95 121  12  48  22  19  16 |
| 101  13  47  77 102  14 120  98  52  33  45 |  32  46   4  87 113   7   5  39  84  89 103 |  75  26  42   3  81  31  57  59  25 108  34 |  67 114  93  35  80  18  86  88 118   9  60 |  37  55 107 106  83 100 116 112  61  97  70 |  51  76  71  64  79  85  82  24  72   2  50 | 119  68  38  63  94  27 110  62 104  21  23 |  41  74  90  91  36  54  28  40  17 115  78 | 121  22  48  95  49  15  58  16  96  12  19 |  29  30   1 105  65  53  73 117  43  20  99 |  66 109  10   6  56  44   8  92 111  11  69 |
|  50  79  64   2  76  82  51  71  72  24  85 |  62  63  21  23 119  38  94  27  68 110 104 |  48  22  12  58 121  16  15  49  95  96  19 |  87 103   4  32  84   7 113  39  89  46   5 |  74  78  41 115  28  91  90  40  17  36  54 |  60  80  67  93   9  86 118  88 114  35  18 |  29 105  73  30  43  20   1  65  53  99 117 |  69 111  92 109   6  66  44   8  11  56  10 |  83  37 116 106  70  55 100 107  97 112  61 |  59  81  42  25 108  26  34  31   3  75  57 |  45 120  47  77 102  13  14  33  52 101  98 |
|  73  30  99  65 105   1  43 117  53  20  29 |  97  83  55 107  70  61 100 116 106 112  37 |  33  52  14 120  13  98  47  45 102  77 101 |  16  22  15  96  95  19  49  48  12 121  58 | 114  93  67  80   9  60  88 118  18  35  86 |   3  25  31  57  81  59  42  75  26 108  34 |  54 115  17  28  91  90  40  36  74  78  41 |  87 103  39   5  32 113  46  89   7  84   4 |  79  72  24  76  85  64  51  71   2  82  50 |  66  44   8  56   6 111  11  69 109  92  10 | 119  94  21  62  68  63 110  27 104  38  23 |
|  19 121  15  96  95  12  58  16  22  48  49 |   6  44  10  69  66  11 109  92  56   8 111 |  88 114 118  60   9  67  93  86  80  35  18 |  41  74  78  36 115  17  54  90  40  28  91 | 104  21  23  68  63  94  27 110  38  62 119 | 100 106 107  55  83  70 112 116  37  97  61 |  45 102 101  13 120  33  14  77  52  47  98 | 117  53  20  43  65  29  30   1  73 105  99 |  46 103  39  84 113   4   5  87  32  89   7 |  85  79  82  76   2  72  50  71  51  24  64 |  59   3  57 108  25  81  42  75  26  34  31 |
|  34  81  57 108  25  42   3  31  26  75  59 |  36  28  78  41  54  17  91  90 115  40  74 |  24  72  82  51  79  71  64  85  76   2  50 | 107  37  55  97 106  61  70 116 112  83 100 | 103   4  87  84  46   5  39  89   7  32 113 |  58  95  16  15 121  49  12  48  22  96  19 |  66  56  11  44 109  92   8   6 111  10  69 |  23 104  27  94  62 119  63 110  38  68  21 |   9 114  88  80  86  93  60  67  35 118  18 |  45  13  14 102  77  52 101  98 120  33  47 |  29  43  99  65 105  30   1  20  53  73 117 |
|  38  63  21  62  68 110  94  23 104  27 119 |  96 121  15  16  49  19  58  48  95  12  22 |  92 111   8 109  44  69  10  66  56   6  11 |  31  26  57 108  25  34  59  75  42  81   3 |  72  64  71  76  79  51  24  82  50   2  85 |  43 105 117  99  30  29   1  20  53  65  73 |  70 106  61  83 100 116 112  97  37  55 107 |  67 114  88  60  35  86   9 118  18  80  93 |  13  52  33 102  45  47 120  98  77  14 101 |  54  28  40 115  36  74  17  41  91  90  78 | 113   5   4  32  84  46  89  39 103   7  87 |
|   7  46   4  32  84  89   5  87 103  39 113 | 108  81  57  31  59  34   3  75  25  42  26 |  90  74  40  91  28  41  78  54 115  36  17 | 117  53  99  65 105  73  29  20   1  30  43 |  52  47  98 102  13 120  33  14 101  77  45 |  94  68  23  21  63 119 110  27 104  62  38 |  49  95  19 121  58  48  12  96  22  15  16 |  71  72  24  51   2  85  79  82  50  76  64 |  44 111  92  56  66  10 109  69   6   8  11 |  70  83 112 106  97  37  61 107 100 116  55 |  86  60  93  35  80   9 118  88 114  18  67 |
|  17  28  78  36 115  40  91  41  74  90  54 |   2  79  64  71  85  50  51  24  76  82  72 |  27 104 110  94  63  23  21 119  68  62  38 |  98  52  47  77 102 101  45  33  14  13 120 |  26  57  31  25  81   3  75  42  34 108  59 | 109  56  69  10  44  66   8  92 111   6  11 |  86  80  18   9  60  88 118  35 114  93  67 |  16  22  48  58  96  49 121  12  19  95  15 |  30  53  20 105  29  99  43 117  65   1  73 | 113  46  89  84  32 103   7  87   5  39   4 |  70 100  55  97 106  83 112 116  37  61 107 |
|  18   9  93  35  80 118  60  67 114  88  86 |  65  30  99 117  29  73  43  20 105   1  53 | 116  37 112 100  83 107  55  70 106  97  61 |  23 104  21  62  68  38 119  27 110  63  94 | 111  10  69  56  44 109  92   8  11   6  66 |   5  84  87   4  46 113  89  39 103  32   7 |  59  25  34  81   3  75  42 108  26  57  31 |  98  52  33 120  77  45  13  14 101 102  47 |  28  74  90 115  54  78  91  41  36  40  17 |  49 121  12  95  96  22  19  16  58  48  15 |  85  51  64   2  76  79  82  24  72  50  71 |
|  11  44  10   6  56   8 109  69 111  92  66 |  35   9  93  67  86  18  60  88  80 118 114 |  20  53   1  43  30 117  99  29 105  65  73 |  71  72  64   2  76  50  85  24  82  79  51 |  22  15  16  95 121  58  48  12  19  96  49 | 120 102  98  47  13  45  14  33  52  77 101 | 113  84   7  46   5  39  89  32 103   4  87 | 107  37 116 100  97  70  83 112  61 106  55 |  81  26  75  25  59  57   3  31 108  42  34 | 119  63 110  68  62 104  38  23  94  27  21 |  54  91  78  36 115  28  40  90  74  17  41 |
+---------------------------------------------+---------------------------------------------+---------------------------------------------+---------------------------------------------+---------------------------------------------+---------------------------------------------+---------------------------------------------+---------------------------------------------+---------------------------------------------+---------------------------------------------+---------------------------------------------+
|  83 119 110  55  27  94 106  38  23  37  62 |  47  49  12  19  96  13 102  52  48  58  16 | 103  69 109  84  66  11   8   6  92   4  46 |  34  31  42  10  75  44 108 111   3  59  56 |  71  82  50  24  85 105  53  51  30  99   2 | 115  20  73   1  29  65  43  74 117  78  28 |  97 116  79  70  76  72 100  64 107 112  61 |  18  67  26  25  57  35  86  60  81  88 118 |  45  98 104  33  77  14  68 101  21 120  63 |  36  54  91  90  93  41   9  17  80 114  40 |  32  95  89  15  39 113   5  22  87 121   7 |
|  13  49  12  47  48  58 102  19  16  52  96 |   4  66   8  11   6  46  84 103  92 109  69 |  26  67  60  25  86  18 118  35  88  57  81 |  17  41  40  93  90   9  36 114  91  54  80 |  23 110  38  27 119 106  37  94  83  55  62 |  76 116  61 112  70  97 100  72 107  64  79 |  77  33  63  45  68 104 120  21  98  14 101 |  73 117  74 115  78  65  29  43  28  20   1 | 113  87  22  39  32  89  95   7  15   5 121 |   2  85  51  24  99  71  30  50 105  53  82 | 108  56  42  10  75  59   3 111  31  44  34 |
|  79  70 112  64 116 100  76  61 107  72  97 |  21  45  14 101  77  63  68 104  33 120  98 |  22  87   5  95 113   7  89  32  39  15 121 |  11  69   8   4  92  46   6 103 109  66  84 | 117   1  73  20  29 115  74  43  28  78  65 |  80  90  17  40  54  36  91 114  41  93   9 |   2  24  30  85 105  53  51  99  71  82  50 |  34  31 111  56  10 108  59   3  44  75  42 | 119  23  37  27  62 110 106  38  55  94  83 |  35  86  60  88  57  67  81  18  25  26 118 |  96 102  12  47  48  49  58  52  16  13  19 |
|  81  86 118  57  88  60  25  18  67  26  35 |  78  29   1  73  65  28 115  74  20  43 117 |  72 107 100  76  70  61 112  97 116  64  79 |  38  23 110  55  27  83  62  37  94 119 106 |  69   8  11  92  66  84 103 109  46   4   6 |  95  39   7  89 113  32   5  22  87  15 121 | 108  75  44  59  56 111   3  10  31  42  34 | 101  98 104  68  21  77  45 120  63  33  14 |  54  41 114  90  36  40  80  17  93  91   9 |  96  49  58  48  47  16  13  19 102  52  12 |   2 105  82  99  24  85  51  53  71  30  50 |
|  63  45  14  21  33 120  68 101  98 104  77 |  15 113  89   7  32 121  95  22  39   5  87 | 111  31   3  56  59  34  42 108  75  10  44 |  18  67 118  57  88  81  35  26  60  86  25 | 107 112  61 116  70  76  72 100  79  64  97 | 105  24  50  82  85   2  51  53  71  99  30 |  62  27  83 119 106  37  94  55  23 110  38 |  17  41 114  80  93  36  54  91   9  90  40 |  49  16  52  48  96  12 102  19  47  58  13 |  65  29  43  20  78 117  28  73 115  74   1 |   6  84   8   4  92  66 109 103  69  46  11 |
|  28  29   1  78  20  43 115  73 117  74  65 |  64  70 112  61  97  79  76  72 116 100 107 | 104  98 120  68  45 101  14  77  33  21  63 |  19  16  12  47  48  13  96  52  58  49 102 |  67 118  18  88  86  25  26  60  81  57  35 |  56  75  34  42  59 108   3 111  31  10  44 |  36  90   9  54  80 114  91  93  41  40  17 |   7  87  22  95  15  32 113   5 121  39  89 |  85  71  53  24   2  82 105  50  99  51  30 |   6  66 109  92   4  69  46  11  84 103   8 |  62 106 110  55  27 119  94  37  23  83  38 |
|   9  54  40  93  90  91  80  17  41 114  36 |  99  85  82  50   2  30 105  53  24  51  71 |  37  23  94 106 119  38 110  62  27  55  83 | 101  98  14  21  33  63  77 104 120  45  68 |  31  42  34  75  59  56 111   3  44  10 108 |  84  92  11   8  66   6 109 103  69   4  46 |  35  88  81  86  25  26  60  57  67 118  18 |  19  16  52 102  47  96  49  58  13  48  12 |  29 117  74  20  65   1 115  73  78  43  28 |  32 113   5  39  15  87 121   7  95  22  89 |  97  76 112  64 116  70 100  72 107  79  61 |
| 121 113  89  15  39   5  95   7  87  22  32 |  10  59  42  34 108  44  56 111  75   3  31 | 114  41  91  80  54  17  40  36  90  93   9 |  73 117   1  78  20  28  65  74  43  29 115 |  98  14 101  33  45  68 104 120  63  21  77 | 106  27  38 110 119  62  94  37  23  55  83 |  96  48  13  49 102  52  58  47  16  12  19 |  50  71  53 105  99   2  85  51  30  24  82 |  66  69 103  92   6   8  84  11   4 109  46 |  97  70 100 116  64 107  79  61  76  72 112 |  35  25 118  57  88  86  60  26  67  81  18 |
|  30  85  82  99  24  51 105  50  71  53   2 |  55 119 110  38  62  83 106  37  27  94  23 |  52  16  58 102  49  19  12  96  48  47  13 |   7  87  89  15  39 121  32  22   5 113  95 |  41  40  17  90  54  80 114  91   9  93  36 |  25  88  18 118  86  35  60  26  67  57  81 |  65  20  28  29 115  74  43  78 117   1  73 |  11  69 103  84   4   6  66 109  46  92   8 |  70 107  72 116  97 112  76  61  64 100  79 | 108  59   3  75  10  31  44  34  56 111  42 |  77  68  14  21  33  45 120 104  98  63 101 |
|  46  66   8   4  92 109  84  11  69 103   6 |  57  86 118  18  35  81  25  26  88  60  67 |  74 117  43 115  29  73   1  65  20  78  28 |  50  71  82  99  24  30   2  53  51  85 105 |  16  12  19  48  49 102  52  58  13  47  96 |  68  33 101  14  45  77 120 104  98  21  63 |  32  39 121 113  95  22   5  15  87  89   7 |  61 107  72  76  64  97  70 100  79 116 112 |  59  31 111  75 108  42  56  34  10   3  44 |  62 119  94  27  55  23  83  38 106  37 110 |  36  80  40  93  90  54  91 114  41   9  17 |
|  44  59  42  10  75   3  56  34  31 111 108 |  93  54  40  17  36   9  80 114  90  91  41 |  53  71  51 105  85  50  82   2  24  99  30 |  61 107 112  64 116  79  97  72 100  70  76 |  87  89   7  39 113  95  22   5 121  15  32 | 102  48  19  12  49  96  58  52  16  47  13 |   6  92  46  66  84 103 109   4  69   8  11 |  38  23  37 106  55  62 119  94  83  27 110 |  86  67  26  88  35 118  25  18  57  60  81 |  77  45 120  33  21  98  63 101  68 104  14 |  65 115   1  78  20  29  43  74 117  28  73 |
+---------------------------------------------+---------------------------------------------+---------------------------------------------+---------------------------------------------+---------------------------------------------+---------------------------------------------+---------------------------------------------+---------------------------------------------+---------------------------------------------+---------------------------------------------+---------------------------------------------+
| 107  38  62  70  94  55 112  37  27 106  83 |  45  19  96  52  13  98  14 102  58  47  48 |  84  92   4  89  11 103   6  46 109 113  87 | 111  75 108  66   3  69  44  56  10  34   8 |  24   2  53  51  50   1 105  99 117  29  30 |  40  43  74  65  73  28  78 115  20  54  41 |  79 100  71  61  82  76  64  85 116  97  72 |  26  88  25  42  59  81  18  57  31  60  35 | 101  33  68 120  63  77 110 104 119  21  23 |   9  17  93  91  86  90  67 114 118  80  36 | 121  12  32  49   5   7  15  95  39  16  22 |
|  71  61  97  85 100  64  82  72 116  76  79 | 119 101  77 104  63  23 110  68 120  21  33 |  95  39  15  12   7  22  32 121   5  49  16 | 103  92   6 113 109  87  46  84   4  11  89 |  20  65  74  43  73  40 115  78  41  54  28 | 118  91 114  36  17   9  93  80  90  86  67 |  30  51 117  50   1 105  99  29  24   2  53 | 111  75  56   8  66  44  34  10  69   3 108 |  38  27 106  94  83  62 112  37  70  55 107 |  81  18  57  60  59  88  31  26  42  25  35 |  13  14  96  45  58  19  47 102  48  98  52 |
|  67  17  36  86  91  93 118 114  90  80   9 |  29  50   2  53  30 117   1 105  51  99  24 | 106  27  55 112  38  37  62  83  94  70 107 | 104  33  77 119 120  23  63  68  21 101 110 |  75 108 111   3  34   8  56  10  69  66  44 |  89 109 103   6  11  46   4  84  92 113  87 |  81  60  31  18  42  25  57  59  88  35  26 |  52  48 102  14  45  13  19  47  98  58  96 |  73  20 115  43  28  65  40  74  54  78  41 | 121   7  15   5  49  39  16  22  12  95  32 |  79  82  97  85 100  61  64  76 116  71  72 |
| 117  50   2  29  51  99   1  53  24 105  30 |  70  38  62  37  83 107 112 106  94  55  27 | 102  48  47  14  19  52  96  13  58  45  98 |  22  39  32  49   5  16 121  95  15   7  12 |  90  36 114  91  17 118  80  93  67  86   9 |  42  60  26  35  18  81  57  25  88  59  31 |  28  43  41  73  40 115  78  54  20  65  74 | 103  92  84  89 113  46  11   4  87 109   6 |  61 116  76 100  79  97  82  72  85  64  71 |  44  34  10   3  66  75  69 111   8  56 108 |  63 110  77 119 120 101  21  68  33  23 104 |
|  16   7  32  49   5  15  12  22  39  95 121 |  66  34 108 111  44  69   8  56   3  10  75 |  80  90  93 118  17 114  36   9  91  86  67 |  74  20  65  54  43  41  28 115  78  73  40 |  33  77 104 120 101 110  68  21  23 119  63 | 112  94  37  62  38  83  55 106  27  70 107 |  13  58  98  19  14 102  47  45  48  96  52 |  53  24 105   1  29  30  50  99 117  51   2 |  11  92  84 109  46   6  89 103 113   4  87 |  79  61  64 100  85 116  71  72  82  76  97 |  81  42  35  59  60  18  57  25  88  31  26 |
|  87  11   6 113 109   4  89 103  92  84  46 |  59  18  35  26  81  31  42  25  60  57  88 | 115  20  78  40  73  74  65  28  43  54  41 |  53  24   2  29  51 117  30 105  99  50   1 |  48  96  52  58  19  14 102  47  98  45  13 | 110 120 104  77 101  63  21  68  33 119  23 | 121   5  16   7  12  95  15  49  39  32  22 |  72 116  76  82  85  79  61  64  71 100  97 |  34  75  56   3  44 108   8 111  66  10  69 |  83  38  55  94  70  27 107  37 112 106  62 |   9 118  36  86  91  17  93  80  90  67 114 |
|  69  34 108  66   3  10   8 111  75  56  44 |  86  17  36 114   9  67 118  80  91  93  90 | 105  24  99   1  50  53   2  30  51  29 117 |  72 116  97  85 100  71  79  76  64  61  82 |  39  32  22   5   7  12  95  15  16  49 121 |  14  58  52  96  19  13  47 102  48  45  98 |  46 109  87  11  89  84   4 113  92   6 103 |  37  27 106 112  70  83  38  55 107  94  62 |  18  88  25  60  81  35  42  26  59  57  31 |  63 101  21 120 119  33  23 104 110  68  77 |  28  40  65  54  43  73  78 115  20  41  74 |
|  23 101  77 119 120  21 110 104  33  68  63 |  49   7  32  22 121  16  12  95   5  15  39 |  56  75  10   8  34 111 108  44   3  66  69 |  26  88  35  59  60  31  81  25  57  18  42 | 116  97  72 100  61  82  76  64  71  85  79 |   1  51  53   2  50  30  99 105  24  29 117 |  83  94 107  38 112 106  55  70  27  62  37 | 114  90  80 118  86   9  17  93  67  91  36 |  19  48 102  58  13  96  14  52  45  47  98 |  28  73  78  43  54  20  41  74  40 115  65 |  46  89   6 113 109  11   4  84  92  87 103 |
|  31  18  35  59  60  57  42  26  88  25  81 |  54  73  65  74  28  41  40 115  43  78  20 |  76 116  64  82  61  72  97  79 100  85  71 |  37  27  62  70  94 107  83 106  55  38 112 |  92   6 103 109  11  89  84   4  87 113  46 |  12   5  22  32   7 121  15  95  39  49  16 |  44   3  69  34   8  56  10  66  75 108 111 | 104  33  68 110 119  63 101  21  23 120  77 |  17  90  80  91   9  36 118 114  86  93  67 |  13  19  47  58  45  48  98  52  14 102  96 |  30   1   2  29  51  50  99 105  24 117  53 |
|  41  73  65  54  43  78  40  74  20 115  28 |  85  61  97  72  79  71  82  76 100  64 116 |  68  33  21 110 101 104  77  63 120 119  23 |  52  48  96  45  58  98  13 102  47  19  14 |  88  35  26  60  18  42  25  57  31  59  81 |   8   3 111 108  34  44  10  56  75  66  69 |   9  91  67  17 118  80  93  86  90  36 114 |  22  39  95  12  49 121   7  15  16   5  32 |  50  24 105  51  30   2   1  53  29  99 117 |  46  11   4 109 113  92  87 103  89  84   6 |  83 112  62  70  94  38  55 106  27 107  37 |
|  98  19  96  45  58  47  14  52  48 102  13 | 113  11   6 103  46  87  89  84 109   4  92 |  25  88  57  42  18  26  35  81  60  59  31 | 114  90  36  86  91  67   9  80  93  17 118 |  27  62  37  94  38 112 106  55 107  70  83 |  82 100  72  97  61  79  64  76 116  85  71 |  63 120  23 101 110  68  21 119  33  77 104 |  74  20 115  40  54  28  73  78  41  43  65 |   7  39  95   5 121  32  12  22  49  15  16 |  30  50  99  51  29  24 117  53   1 105   2 |  44   8 108  66   3  34  10  56  75  69 111 |
+---------------------------------------------+---------------------------------------------+---------------------------------------------+---------------------------------------------+---------------------------------------------+---------------------------------------------+---------------------------------------------+---------------------------------------------+---------------------------------------------+---------------------------------------------+---------------------------------------------+
| 119  77 120 110 104  68  27  63 101  23  21 |  12  32   5 121  15  49  48  16  22  95   7 |  69  34  56  92 108  44   3  10 111   8  66 |  81  18  60  42  26  59  57  31  25  35  75 |  61 100  79  72  97  24  71  76  85  82  64 |  20  53  30  51   2  99 105 117  50   1  29 |  55  37  70  62 116 107 106 112  38  94  83 |   9  17  67  88 118  93  36  80  86 114  91 |  96  19  98  52  47  58  33  13  14 102  45 |  78  65 115  74  40  73  54  28  90  41  43 |   4  39 109  89 103   6  84  87  11 113  46 |
| 113   6 109  89 103  84  39  46  11  87   4 |  42  35  60  81  57  59  75  31  26  25  18 |  41  73 115  90  65  28  43  78  74  40  54 |  30  50  51   1  53  29  99 117 105   2  20 |  19  58  13  52  96  33  98 102  45  14  47 |  27 104  63 120  77  21  68  23 101 110 119 |  15  22  49  32  48  16  95  12   7   5 121 |  79  61  71  24  82  64  97  76  85  72 100 | 108  34  69 111  10   3  92  44   8  56  66 |  55  62 106  37 112  38  70  83 116 107  94 |  93  88  91 118 114  36  80  67  17  86   9 |
|  29   2  51   1  53 105  20  30  50 117  99 | 112  62  94  83  55  70 116 107  37 106  38 |  98  19 102  33  96  13  58  47  52  14  45 | 121   7   5  12  22  49  15  16  95  32  48 |  17  91   9 114  36  88  67  80  86 118  93 |  75  26  81  60  35  57  25  31  18  42  59 |  78  74  54  65  90  41 115  40  73  43  28 |  46  11  87  39  89   4   6  84 113 103 109 |  97  61  71  72  64 100  24  79  82  76  85 |  10 108  56 111   8  34  66  44  92  69   3 |  21  27 120 110 104  77  68  23 101 119  63 |
|  49  32   5  12  22  95  48 121   7  16  15 |   8 108   3  44  10  66  92  69 111  56  34 |  67  17  80  88  36   9  91  93 114 118  86 |  28  73  43  40  74  54  78  41 115  65  90 | 101 120  63 104  77  27  23  68 119 110  21 | 116  37  83  94  62  55 106 107  38 112  70 |  47  52  45  96  33  98 102  14  19  58  13 |  30  50 117  20   1  99   2 105  29  53  51 |   6  11  87 103   4 109  39  46  89  84 113 |  64  97  76  72  82  61  85  79  24  71 100 |  57  75  60  42  26  35  25  31  18  59  81 |
|  70  62  94 112  37 106 116  83  38 107  55 |  14  96  58  13  47  45  33  98  52 102  19 |  87  11  84  39   6  46 109   4 103  89 113 |  44  34   3   8 111  66  10  69  56 108  92 |  50  51  30  53   2  20 117 105  29   1  99 |  90  74  28  43  65  78 115  41  73  40  54 |  64  72  85  97  24  71  76  82  61 100  79 |  81  18  31  75  42  57  35  25  59  26  60 |  77 101  23 104  21 120  27  63 110  68 119 |  93  36  80 114 118  17  86   9  88  67  91 |  15  48   5  12  22  32  95  16   7  49 121 |
|  86  36  91 118 114  80  88   9  17  67  93 |   1   2  51  30  99  29  20 117  53 105  50 | 107  38 106 116  62  83  94  55  37 112  70 |  63 101 120 110 104 119  21  23  68  77  27 |  34   3  44 111 108  92  69  56  66   8  10 |  39 103  46 109   6   4  84  87  11  89 113 |  57  26  59  35  75  31  25  42  18  60  81 |  13  19  98  33  14  47  96 102  45  52  58 |  65  73  41  74  78  43  90  28  40 115  54 |  15  32  95  22  12   7  49 121  48  16   5 |  64  24 100  82  72  97  76  71  61  85  79 |
|  66 108   3   8 111  56  92  44  34  69  10 | 118  36  91   9  93  86  88  67 114  80  17 | 117  50 105  20   2  30  51  99  53   1  29 |  79  61 100  82  72  85  64  71  76  97  24 |   7   5 121  22  32  48  16  95  49  12  15 |  33  52  13  58  96  47 102  98  19  14  45 |   4 103 113   6  39  87  84  89  11 109  46 |  83  38 107 116 112  55  62 106  70  37  94 |  35  18  31  26  57  60  75  81  42  25  59 |  21  77  68 104 110 101 119  63  27  23 120 |  78  90  43  40  74  65 115  41  73  54  28 |
|  59  35  60  42  26  25  75  81  18  31  57 |  40  65  43  28  78  54  90  41  74 115  73 |  71  61  76  24  97  79 100  64  72  82  85 |  83  38  94 112  37  70  55 107 106  62 116 |  11 109  46 103   6  39  87  84 113  89   4 |  48  22 121   5  32  15  95  16   7  12  49 |  10 111  66 108  92  69  56   8  34   3  44 |  63 101  23  27 110  21  77  68 119 104 120 |  36  17  67 114  93  91  88   9 118  80  86 |  47  96 102  52  14  19  45  13  33  98  58 |  99  20  51   1  53   2 105 117  50  29  30 |
|  85  97 100  82  72  76  24  79  61  71  64 | 110  77 120  63  21 119  27  23 104  68 101 |  16   7  95  48  32 121   5  15  22  12  49 |  46  11 109  89 103 113   4  87  84   6  39 |  73  43  28  74  65  90  41 115  54  40  78 |  88 114   9  91  36  93  80  67  17 118  86 |  99  53  29   2  20 117 105   1  50  51  30 |  44  34  69  92   8  10 108  56  66 111   3 |  62  38 107  37  55  94 116  83 112 106  70 |  57  35  25  26  42  18  59  81  75  31  60 |  47  33  58  14  52  96 102  98  19  45  13 |
|  54  65  43  40  74 115  90  28  73  41  78 |  82  97 100  79  64  85  24  71  72  76  61 |  23 101  68  27  77  63 120  21 104 110 119 |  13  19  58  14  52  45  47  98 102  96  33 |  18  60  81  26  35  75  31  25  59  42  57 |  92 111  44   3 108  10  56  69  34   8  66 |  93 114  86  36  88  67  80 118  17  91   9 | 121   7  16  48  12  15  32  95  49  22   5 |   2  50 117  53  99  51  20  30   1 105  29 |   4   6  84 103  89  11 113  46  39  87 109 |  55 116  94 112  37  62 106 107  38  70  83 |
|  45  96  58  14  52 102  33  13  19  98  47 |  89   6 109  46   4 113  39  87 103  84  11 |  31  18  25  75  35  81  60  57  26  42  59 |   9  17  91 118 114  86  93  67  80  36  88 |  38  94  83  37  62 116 107 106  70 112  55 |  24  72  79 100  97  64  76  71  61  82  85 |  21 104 119  77  27  23  68 110 101 120  63 |  28  73  41  90  40  78  65 115  54  74  43 |  32   7  16  22  15   5  48 121  12  95  49 |  99   2 105  53   1  50  29  30  20 117  51 |  10  92   3   8 111 108  56  69  34  66  44 |
+---------------------------------------------+---------------------------------------------+---------------------------------------------+---------------------------------------------+---------------------------------------------+---------------------------------------------+---------------------------------------------+---------------------------------------------+---------------------------------------------+---------------------------------------------+---------------------------------------------+
|   6  10  56 109  69  92 103  66  44  11   8 |  60  93  80  86 118  35  26  18  67  88   9 |  73  30  20  74  99  29 105   1 117  43  65 |  85  79  76  51  71   2  82  50  24  64  53 | 121  95  49  16  15  52  19  48  96  58  12 | 104  98  45 102  47  14  33 101  13 120  77 |  89  87  32   4  22   7  39   5  46  84 113 |  70  83  61  72 100 112  55 116  97 107 106 |  57  81  34  31  42  25 111  59   3  75 108 | 110  21  27  23  94  63  62 119  37  38  68 |  40 114 115  91  41  78  90  17  28  36  54 |
|  35  93  80  60  67  88  26  86   9  18 118 |  43  99 105  29   1  65  74  73 117  20  30 |  61  83 116  72  55  70 106 112 107 100  97 | 119  63  68  94  23  62 110  38  27  21  37 |  44  56  66  69  10 103  11  92   6 109   8 |  22  87 113  84   4  89  39   7  46   5  32 |  42  31 108  57 111  34  75   3  81  25  59 |  45  13 101 104 120  14  47  33  77  98 102 |  78  28  17  41  40 115 114  54  91  90  36 |  12  15  48  16  58 121  96  49  52  19  95 |  82  53  76  51  71  64  24  50  79   2  85 |
|  97  55 106 100 107 116  72  70  83  61 112 | 120  47 102  45  14  77 104 101  98  33  13 |   7  46  39  22   4 113  84  89  87   5  32 |  66  44  56 109  69   6   8  11  92  10 103 |  30 105  29 117  99  74  73  20  65  43   1 | 114  41  54 115  78  40  90  17  28  91  36 |  82  71   2  64  53  50  24  51  79  76  85 |  59  81  34 111   3  42  57  75 108  31  25 |  21  63  38  23 110  68  37 119  94  27  62 | 118  93  88  67  60   9  35  86  26  18  80 |  12  52  95  58  16  15  48  19 121  96  49 |
|   2  64  76  51  71  24  53  85  79  50  82 |  94  21  68 119 110  62  37  38  23  27  63 |  19 121  48  52  15  49  95  12  16  58  96 | 113  46  84   5  87  32  89   7  39   4  22 |  28 115  54  41  78 114  17  90  36  91  40 |  26  67  86  80  93 118  88  18   9  60  35 |   1 117  65  99  74  73  20  43  30 105  29 |  66  44  11 103 109   8  10  92   6  69  56 |  55  83  61 107 112 106  72  70 100 116  97 |  42  57  75  31   3  81 108  59 111  34  25 |  14 104 102 120  98  47  33 101  13  77  45 |
|  77  47 102 120  98  33 104  45  13 101  14 |   5   4  84 113  89  32  22   7  87  39  46 |  34  81  75 111  57  59  25  42  31   3 108 |  86   9  80  60  67  35 118  18  88  93  26 |  83 106  70 107  55  72  61 116  97 100 112 |  53  71  85  76  64  82  24  50  79  51   2 | 110  23  62  21  37  38  27  94  63  68 119 |  54  28  17 114  91  40  78  90  36  41 115 |  15 121  19  16  12  95  52  49  58  48  96 |   1  99  20 117  43  30  65  29  74  73 105 |   8 103  56 109  69  10  92  11  44   6  66 |
|  96  15  95  58  16  48  52  49 121  19  12 | 109  10  56  66   8   6 103  11  69  92  44 |  18   9  88  26  93  86  80 118  67  60  35 |  54  28 115  91  41  36  40  17  90  78 114 |  63  68 119  23  21  37  38  27  62  94 110 |  72 107  70 106  55 112 116  61  83 100  97 |  14  98  77  47 104 101  33 120  13 102  45 |  29  30  73  74  43   1  99  20  65 117 105 |   4  46   7  87  89  84  22 113   5  39  32 |  82  64  24  71  51  79   2  85  53  50  76 |  42 111  25   3  31  57  75  34  81 108  59 |
| 108  57  25   3  31  75 111  59  81  34  42 |  91  78 115  54  40  36 114  17  41  90  28 |  50  79  24  53  64  85  76  82  71  51   2 |  70  83 106 100 107  97 112  61 116  55  72 |  46  84 113  87   4  22   7  39  32   5  89 |  52  16  49  95  15  12  48  19 121  58  96 |   8  69   6  10 103  11  92 109  44  56  66 | 119  63  38  37  94 110  21  27  62  23  68 |  93   9  18  67 118  80  26  86  60  88  35 |  14  47  33  98 120  13  77  45 104 101 102 |   1  74 105  43 117  99  20  73  30  65  29 |
|  32   4  84   5  87  39  22 113  46   7  89 |   3  57  25  59  42 108 111  34  31  75  81 |  17  28  90 114  78  54 115  40  41  91  36 |  29  30 105  43 117  65   1  73  20  99  74 |  13 102  45  98  47 104 101  33  77 120  14 |  37  23 119  68  21 110  27  38  63  94  62 |  12  16  96  15  52  19  48  58 121  95  49 |  85  79  50  53  51  82  64  24   2  71  76 |  10  44  11  69   8  56 103  66 109  92   6 | 112  55 116 107 100  83  97  70  72  61 106 | 118  26  80  60  67  93  88  18   9  35  86 |
|  62  21  68  94  23  27  37 119  63  38 110 |  58  15  95  49  12  96  52  19  16  48 121 |  11  44  92 103  10  66  56   8  69 109   6 |  59  81  25   3  31 108  42  34  75  57 111 |  79  76  85  71  64  53  50  24   2  51  82 |  74 117  29 105  99   1  20  73  30  43  65 | 112 107  97  55  72  61 116 100  83 106  70 |  86   9  18  26  60 118  93  88  35  67  80 |  47  13 101  98  14 102 104  45 120  33  77 |  40  78  90  41  91  28  36  54 114  17 115 |  89  22  84   5  87   4  39   7  46  32 113 |
|  65  99 105  43 117  20  74  29  30  73   1 | 100  55 106  70 112  97  72  61 107 116  83 | 101  13  33 104  47  45 102  14  98 120  77 |  49 121  95  58  16  96  12  19  48  15  52 |   9  80  86  67  93  26  18  88  35  60 118 | 111  31  59  25  57  42  75  34  81   3 108 |  40  41  36  78 114  17  90  91  28 115  54 | 113  46   7  22   5  89   4  39  32  87  84 |  64  79  50  71  82  76  53  85  51  24   2 |   8  10  92  69 109  44   6  66 103  11  56 | 110  37  68  94  23  21  27  38  63  62 119 |
|  36  78 115  91  41  90 114  54  28  17  40 |  51  64  76  85  82   2  53  50  71  24  79 |  38  63  27  37  21 119  68 110  23  94  62 |  45  13 102 120  98  77  14 101  33  47 104 |  81  25  59  31  57 111  34  75 108   3  42 | 103  69  66  56  10   8  92  11  44 109   6 | 118  67  35  93  26  18  88  60   9  80  86 |  49 121  19  52  58  12  15  48  96  16  95 |  99  30  73 117   1 105  74  29  43  20  65 |  89   4  39  87   5  46  32 113  22   7  84 | 112  72 106 100 107  55 116  61  83  97  70 |
+---------------------------------------------+---------------------------------------------+---------------------------------------------+---------------------------------------------+---------------------------------------------+---------------------------------------------+---------------------------------------------+---------------------------------------------+---------------------------------------------+---------------------------------------------+---------------------------------------------+
