+---------------------------------------------+---------------------------------------------+---------------------------------------------+---------------------------------------------+---------------------------------------------+---------------------------------------------+---------------------------------------------+---------------------------------------------+---------------------------------------------+---------------------------------------------+---------------------------------------------+
|  82  98  24 112  50  67  29  54   4  35  90 |  52 121 109  41  14 107  84  27  47  76  33 | 106  83  64  48  15  69  57 119  74  45  66 |  94  16 101  49 114  93 116  70  25  11  31 |   9  68  99  19 100  60  21  72  39  77  71 |   2  87  17  42 110  26 115  51  78  97 104 |  23  73  28  62  36  85  91 113 103  13  65 |  38 105   1  20  89  40   3  92  46  56  80 |  81   8   6  32  12  86  37  63 120  79  59 | 111  44  43  10  18  61 117  95 118  58 108 |  55 102   5  96  22  75  30  53   7  34  88 |
|  94 116  49 101 114  31  70  93  11  25  16 |  20  80  38   3  89  40  56 105  92  46   1 |  85 103  23  36  28  13  65  73  91 113  62 |  61  95  10  43  44 111  18 118 108  58 117 | 110  51  87  17 115  42  26  97 104   2  78 |  50  54  67  90 112  29  35  98   4  24  82 |  39  19  72   9  21  99  71  77 100  60  68 |  55  53  22  30   7   5  75  88  96  34 102 |  45  15  57  66  83  64 106 119  74  48  69 |  76 109  14 121  84  52  47 107  33  41  27 |  81  32  59  37  79 120  86  12   8   6  63 |
|  20  56  89  80  38  92   1  46   3 105  40 |  64  66  45  74  15  69  57  83 119 106  48 |  54  35  82  29  24  90  98  67   4  50 112 |  30   5 102   7  55  96  34  22  53  75  88 |  10  18 111 117 108  95 118  43  61  44  58 | 109  76  47 107 121  33  27  84  41  14  52 |  94  31  49 101  70  93  11 114  25  16 116 | 113 103  36  23  28  13  91  73  85  65  62 |   2  97  51 110 115 104  87  17  78  26  42 |  37  81   8  32   6  86  63  59  79 120  12 |  77   9  60  99  21  71  39 100  72  68  19 |
| 104  51  97 110   2  17  26  87  78 115  42 |  61  10  44  58  43  95  18 108 117 111 118 |  37  12  86  79   8  59   6  63 120  81  32 |  82  90 112  24  50  54  98  29  35   4  67 |  62  65  85  73 103  13  36  28  23 113  91 |  77  99  19  60   9  21 100  68  71  72  39 |  64 119  15  66  48 106  74  45  83  69  57 | 109  27  33  52  14 107  41  47  76  84 121 |  55   7  34 102  53  30  96  88  75  22   5 |  93 114  49 101 116  94  31  16  70  11  25 |  38  80  40  46   1   3  20 105  89  56  92 |
|  30  34   7 102  55  88  22  96  75  53   5 |  23  62 113  91  28  13  65 103  73  85  36 |  93  25  94  70  49  16 116  31  11 114 101 |  86  59  32   8  81  37   6  79  12 120  63 | 121  84  76  47  27 107  33  14  52 109  41 |  38  46  92  40  80   1 105  56   3  89  20 |  61 117  43  10 118 111  58  44 108  95  18 |  77 100  21  39  72  60  71  19  99  68   9 |  50  24  98 112  35  82  54  67   4  29  90 | 106  45  15  66  57  64 119  69  48  74  83 |   2 110  42  87  26  78 104 115  97  51  17 |
|  64  57  15  66  45 119  48 106  74  83  69 | 104 110   2  78  97  42  51 115  17  87  26 |  76  27  52  33  14 107  84  47  41 109 121 |  23  13  62  28 113  85  65  36 103  91  73 | 102  34  96  88  53   5  22   7  30  55  75 |  81  37  63  59  32  79  12   6 120   8  86 |  20  92  89  80   1  46   3  38 105  40  56 |  50  35  29  82  24  90   4  67  54  98 112 |  44  43  18  10 108  61 111 117  58 118  95 |  99  77  72   9  68  39  19  60  21  71 100 | 114 101  16  93  70  11  94  25  49 116  31 |
|  52  84  14 121 109  47  33  76  41  27 107 |  86  32  81 120   8  59   6  12  63  37  79 |  87 115 104  26  97  42  51  17  78   2 110 |  20  40  80  89  38  46  56   1 105   3  92 | 101 116  93  31  25  16  70  49  94 114  11 |  44 111 117  95  10 118 108  18  58  43  61 |  82  67  24 112  29  54   4  50  35  90  98 |  45  83  48  64  15  69  74 119 106  57  66 |  77  72  68   9 100  39  99  19  71  21  60 |  96  55   7 102  34  30  88   5  22  75  53 | 113  62  13  85  36  91  23 103  28  65  73 |
|  86   6   8  32  81  63  79  37 120  12  59 |  39   9  77  71  72  60  68 100  19  99  21 | 111 108  61 118  43  95  18 117  58  44  10 |  64  69  66  15  45 106  57  48  83  74 119 |  80  56  46  92 105  40   1  89  20  38   3 |  55  96  88   5 102  22  53  34  75   7  30 |  52  47  14 121  33  76  41 109  27 107  84 |   2 115  26 104  97  42  78  17  87  51 110 | 114  49 116 101  25  94  93  31  11  70  16 |  85 113  28  62  65  23  73  13  36  91 103 |  50 112  90  54  29   4  82  35  24  98  67 |
|  61  18  43  10  44 117 118 111  58 108  95 |  30 102  55  75   7   5  34  53  88  96  22 |  99 100  39  21  72  60  68  19  71  77   9 |  52 107 121  14 109  76  84  33  27  41  47 | 112  98  54  67  35  90  29  24  82  50   4 | 114  93  31  16 101  70  25 116  11  49  94 | 104  17  97 110  26  87  78   2 115  42  51 |  81  12  79  86   8  59 120  63  37   6  32 | 113  28  65  62 103  23  85  73  91  36  13 |  46  38  89  80  56  20  92  40   1   3 105 |  45  66  69 106  48  74  64  83  15  57 119 |
|  39  68  72   9  77  19  21  99  71 100  60 |  94 101 114  11  49  16 116  25  31  93  70 |  96  53  30  22   7   5  34  88  75  55 102 | 104  42 110  97   2  87  51  26 115  78  17 |  66  57 106 119  83  69  48  15  64  45  74 | 113  85  73  13  62  36 103  65  91  28  23 |  86  63   8  32  79  37 120  81  12  59   6 |  44 108 118  61  43  95  58 117 111  18  10 |  38  89  56  80 105  20  46  92   3   1  40 |  54  50  24 112  98  82  67  90  29   4  35 | 109 121 107  76  33  41  52  27  14  84  47 |
|  23  65  28  62 113  73  36  85  91 103  13 |  82 112  50   4  24  90  98  35  67  54  29 |  46 105  20   1  89  40  56  92   3  38  80 |  39  60   9  72  77  99  68  21 100  71  19 |  32   6  37  63  12  59  79   8  86  81 120 |  45 106 119  69  66  48  83  57  74  15  64 |  30  88   7 102  22  96  75  55  53   5  34 | 114  25  70  94  49  16  11  31  93 116 101 | 109  14  84 121  27  52  76  47  41  33 107 |  87   2  97 110  51 104  17  42  26  78 115 |  44  10  95 111 118  58  61 108  43  18 117 |
+---------------------------------------------+---------------------------------------------+---------------------------------------------+---------------------------------------------+---------------------------------------------+---------------------------------------------+---------------------------------------------+---------------------------------------------+---------------------------------------------+---------------------------------------------+---------------------------------------------+
|  22 102  34  16  49  94  75  55  25  96  88 |  36  40  89 105  65  73  62  85  20 113  91 | 114  93  70  11 116  31 101  23 103  28  13 |  79  63  95   6  43  81  32 120  37 108  61 |  42 121 109 104  76  47  41  84  33  97 115 |  24  38  82  92  90   3  46  80  35  56   1 | 118  39  18  60  58  44 100  72 111 117  10 |   7  99  71  21  68  19  53  30  77   9   5 |  15  98 112  69  54  29  50  64  83   4  67 |  45  14  57 107  66  48  52 119  74  27 106 |   8  59  17   2  78  12  26  87  51 110  86 |
|  70 101 116  13  28  23  11 114 103  93  31 |   1  90  24  35  56  92  80  46  82  38   3 | 113  85  36  91  65  73  62  20 105  89  40 | 118 117  60  18  72  44  10  58 111 100  39 |  59 110   2  86  87  17  78  51  26   8  12 |  15  50  64  67  69   4  54 112  83  98  29 |  21  30  68   5  71  77  53   7  99  19   9 |  49  96  75  22  34  88  25  94  55 102  16 |  14  57  66 107 106  48  45  52  27  74 119 | 109  97  84  42 121  33 104  47  41 115  76 |  43  95  63  81 120 108  79  37   6  32  61 |
|  29 112  98  69  15  64   4  50  83  54  67 |  33  42  97 115  84  47 121  76 104 109  41 |  45 106  48  74  57 119  66  52  27  14 107 |  70  31  13 116  28 114 101  11  93 103  23 |   5   9  77  30  99  19  71  68  21   7  53 |   8   2  86  17  59  78  87 110  12  51  26 |  36  20  65  40  91 113 105  89  85  73  62 |  24  46   3   1  56  92  35  82  38  80  90 |  43   6  32  95  37  79  81  61 108 120  63 |  44  72  18  60  10 118  39 117  58 100 111 |  49  16  88  55  75  25  22  96  34 102  94 |
|  36  62  65  40  89  20  91 113 105  85  73 |  29  69  15  83  98  67 112  54  64  50   4 |  38  46   1   3  56  92  80  82  35  24  90 |  21  19   5  68   7  77   9  71  99  53  30 |  95  32  81  61  37  63 120   6  79  43 108 |  14  45  52 119 107  74 106  66  27  57  48 |  22  94  34  16  75  55  25  49  96  88 102 |  28  93  11  70 116  31 103  23 114 101  13 |  97  84 121  42  76  33 109 104 115  41  47 |   2   8  51  59 110  26  86  17  78  12  87 |  72  60 117  44  58 100 118 111  18  10  39 |
|  33 121  84  42  97 104  41 109 115  76  47 |  79  95  43 108   6  63  32  37  61  81 120 |   2  87  26  78  51  17 110  86  12   8  59 |   1  92  90  56  24  38  80   3  46  35  82 |  13 101 114  23  93  31  11 116  70  28 103 |  72  44  39 117  60  58 111  10 100  18 118 |  29  64  98  69   4  50  83  15  54  67 112 |  14 106  74  48  57 119  27  52  45  66 107 |   7  68   9   5  99  21  77  30  53  71  19 |  55  49  34  16 102  22  94  88  75  25  96 |  89  40  73 113  91 105  36  85  65  62  20 |
|  79  32   6  95  43  61 120  81 108  37  63 |  21   5   7  53  68  19   9  99  30  77  71 |  44 111 118  58  18 117  10  39 100  72  60 |  48 119 107  57  14  45  66  74 106  27  52 |  90  80  38  82  46  92   3  56   1  24  35 |  49  55  94  88  16  75  96 102  25  34  22 |  33 104  84  42  41 109 115  97  76  47 121 |   8  87  78  26  51  17  12  86   2 110  59 |  28 116 101  13  93  70 114  23 103  11  31 | 113  89  65  40  62  36  20  73  91 105  85 |  15  69  67  50   4  83  29  54  98 112  64 |
|  48  66  57 107  14  52  74  45  27 106 119 |  26  59   8  12  51  17 110  87  86   2  78 | 109  76  33  41  84  47 121 104 115  97  42 |  36  73  40  65  89 113  62  91  85 105  20 |  16 102  55  94  96  88  75  34  22  49  25 |  43  81  61  63  95 120  37  32 108   6  79 |   1  82  56  90   3  38  35  24  46  92  80 |  15  54   4  29  98  67  83  64  50 112  69 |  72  18  10  60 111 118  44  39 100  58 117 |  77   7  68   5   9  21  30  19  71  53  99 |  28  13  31 114  11 103  70  93 116 101  23 |
|   1  80  56  90  24  82   3  38  35  46  92 |  48 107  14  27  57 119  66 106  52  45  74 |  50  54  29   4  98  67 112  64  83  15  69 |  22  88  16  34  49  55 102  75  96  25  94 |  60  10  44  39 111 117  58  18 118  72 100 |  97 109 104  47  42  41  76 121 115  84  33 |  70  23 116  13  11 114 103  28  93  31 101 |  89  85  91  36  65  73 105  20 113  62  40 |   8  51 110  59  87  26   2  86  12  78  17 |  81  43   6  95  32  79  61  63 120 108  37 |   7   5  19  77  71  53  21  99  68   9  30 |
|  26 110  51  59   8  86  78   2  12  87  17 | 118  60  72 100  18 117  10 111  39  44  58 |  81  37  79 120   6  63  32  61 108  43  95 |  29  67  69  98  15  50 112   4  54  83  64 |  40  62 113  20  85  73  91  65  36  89 105 |   7  77  30  19   5  71  99   9  53  68  21 |  48  52  57 107  74  45  27  14 106 119  66 |  97  76  41  33  84  47 115 104 109 121  42 |  49  34 102  16  96  22  55  94  25  75  88 | 114  28 116  13 101  70  23  31  11 103  93 |  24  90  92  38   3  35   1  46  56  80  82 |
|  21   9  68   5   7  30  71  77  53  99  19 |  70  13  28 103 116  31 101  93  23 114  11 |  55  96  22  75  34  88 102  94  25  49  16 |  26  17  59  51   8   2 110  78  87  12  86 | 107  66  45  52 106 119  74  57  48  14  27 |  89 113  20  73  40  91  85  62 105  65  36 |  79  61   6  95 120  81 108  43  37  63  32 |  72 111  58 118  18 117 100  39  44  10  60 |  24  56  80  90  46   1  38  82  35   3  92 |  50  15  98  69 112  29  64  67   4  83  54 |  97  42  47 109  41 115  33  76  84 121 104 |
| 118  10  18  60  72  39  58  44 100 111 117 |  22  16  49  25  34  88 102  96  94  55  75 |  77  99  21  71  68  19   9  30  53   7   5 |  33  47  42  84  97 109 121  41  76 115 104 |  69 112  50  64  54  67   4  98  29  15  83 |  28 114  23  31  13  11  93 101 103 116  70 |  26  86  51  59  78   2  12   8  87  17 110 |  43  37 120  79   6  63 108  61  81  32  95 |  89  65  62  40  85  36 113  20 105  91  73 |  38  24  56  90  80   1  82  92   3  35  46 |  14 107 119  45  74  27  48 106  57  66  52 |
+---------------------------------------------+---------------------------------------------+---------------------------------------------+---------------------------------------------+---------------------------------------------+---------------------------------------------+---------------------------------------------+---------------------------------------------+---------------------------------------------+---------------------------------------------+---------------------------------------------+
|  97  78  26  12  86   2  51  17 110  42  87 |  43 100  39  10 118 111  58  95  44 117  18 |  63  59   8   6  79  37 120  81  32  61 108 |  24  54  83  29  64  67   4  98  90 112  50 | 105  91  73 113  13  85  65  36  28  20  62 |  30  19  77  99  53  68  60  71   9  21  72 |  15  45  48  27  57 119  66  52  69 106  74 | 104 107  84  14  33  76 121 109  47  41 115 |  94  22  75  25   5   7  88  55 102  34  96 |  31  23  70 103  11  49 114  93 116 101  16 |  82  35  46  92  56  80  89  40   1   3  38 |
|  72  71  21  53  30  77  68  19   9  60  99 |  49 103  23 101  70  93  11  16 114  31 116 |  88   5   7  34  22  96  75  55 102  94  25 |  97  87  12  26  86  17  78  51  42 110   2 |  27  74 119  45  69 106  57  48  15  52  66 |  20  73 113  85 105  65  13  91  62  36  28 |   8  81  79 108   6  63  32  61  59  37 120 |  39  95  18  43 118 111  10  44 117  58 100 |  82   1   3  35  40  89  92  38  80  56  46 |  67  64  29  83   4  24  50  54  98 112  90 | 104 115  76  47  84 121  14 107  33  41 109 |
|   8 120  79 108  61  81   6  63  32  59  37 |  72  53  30   9  21  99  71  60  77  19  68 | 117  95  43  18 118 111  58  44  10  39 100 |  15 106  27  48  52 119  74  57  69  66  45 |  35   3  92  38  40  46  56   1  89  82  80 |  94  88  55  96  25  34   5  75 102  22   7 |  14 109  33 115  84  47 121 104 107  76  41 |  86  42  51  97  26  87 110   2  17  78  12 |  23  70  11 103  16  49  31 114 101 116  93 |  73  20  36 105  91  28 113  85  65  62  13 |  64  83  54  67  98 112  24  90  29   4  50 |
|  15  74  48  27  52  45  57 119  66  69 106 |  97  12  86 110  26  87  78  42   2  17  51 |  47 107  14  84  33  76  41 109 121 104 115 |  28  85 105  36  20  73  91  65  13  62 113 |  25  75  88  55   5  96  34  22   7  94 102 |  61  63  81  37 108   6  59 120  32  79   8 |  89  38   1  35  56  92  80  82  40  46   3 |  64  90  98  24  29  54 112  50  67   4  83 |  39 118  58 100  95  43 117  44  10  18 111 |  19  30  21  53  71  72  77  99  68   9  60 |  23 103  93  31 116 101  49  16  70  11 114 |
|  14  41  33 115 104 109  84  47 121 107  76 |   8 108  61  32  79  37 120  59  81  63   6 |  17  42  97  51  26  87  78   2 110  86  12 |  89  46  35   1  82  92   3  56  40  80  38 | 103  11  31 114  16  93 116  70  49  23 101 |  39 117  44 111 100  18  95  58  10 118  43 |  24  50  29  83  98  67 112  64  90  54   4 |  52  69  57  15  48 106  66  45 119  74  27 |  30  21  71  53  60  72  19  77   9  68  99 |  88  94  22  25  75   7  55  96  34 102   5 |  20 105  85  73  65  62  28  13  36  91 113 |
|  89   3   1  35  82  38  56  92  80  40  46 |  15  27  52  66  48 106  74  69  45 119  57 |  67  90  24  98  29  54   4  50 112  64  83 |   7  96  25  22  94  88  75  34   5 102  55 | 100  58 117  44  95 111  18 118  43  39  10 | 104  47 109  76 115  84 107  41 121  33  14 |  49 114  70 103 116  31 101  23  16  93  11 |  20  13  65  28  36  85  62 113  73  91 105 |  86  26  78  12  42  97  17   2 110  51  87 |  63  61  79 108 120   8  81  37   6  32  59 |  30  53  99  19  68   9  72  60  21  71  77 |
|  28  91  36 105  20 113  65  73  62  13  85 |  24  83  64 112  29  54   4  90  50  67  98 |  92  40  89  56   1  46   3  38  80  82  35 |  72  99  53  21  30  19  71  68  60   9  77 | 108 120  63  81  59  37   6  79   8  61  32 |  52 119  45 106  27  57  69  74  66  48  15 |   7  55  22  25  34  88 102  94   5  96  75 |  23  16 116  49  70  93 101 114  31  11 103 | 104  33  41 115 107  14  47 109 121  84  76 |  17  86  26  12  78  97   2  87  51 110  42 |  39 100 111 117  18  10  43  95 118  58  44 |
|   7  75  22  25  94  55  34  88 102   5  96 |  28 105  20  62  36  85  91  13 113  73  65 |  31  16  49 116  70  93  11 114 101  23 103 |   8  37 108  79  61  63 120   6  59  32  81 | 115  41  47 109 107  76  84  33  14 104 121 |  82  92  38  46  35  56  40   3  80   1  89 |  43  44 118 100  18 117  10  39  95 111  58 |  30  60  68  72  21  99   9  77  19  71  53 |  64  29   4  83  90  24  67  50 112  98  54 | 119  52  48  27  74  15  45 106  57  66  69 |  86  12  87  17  51 110  97  42  26  78   2 |
|  24   4  29  83  64  50  98  67 112  90  54 |  14 115 104 121  33  76  41 107 109  47  84 | 119  69  15  57  48 106  74  45  66  52  27 |  49  93 103  70  23  31  11 116  16 101 114 |  53  71  19  77  60  99  68  21  72  30   9 |  86  17   2  87  12  51  42  78 110  26  97 |  28 113  36 105  65  73  62  20  13  85  91 |  82  40  56  89   1  46  80  38  92   3  35 |  61  79 120 108  59   8  63  81  32   6  37 | 117  39 118 100  58  43  44 111  18  10  95 |  94  25  96  88  34 102   7   5  22  75  55 |
|  43  58 118 100  39  44  18 117  10  95 111 |   7  25  94 102  22  96  75   5  55  88  34 |  19  60  72  68  21  99  71  77   9  30  53 |  14  76 115  33 104  47  41  84 107 121 109 |  83   4  67  50  90  54  98  29  24  64 112 |  23  31 114  93 103 116  16  11 101  70  49 |  97   2  26  12  51  17 110  86  42  87  78 |  61  59   6   8  79  37  32  81  63 120 108 |  20  36  91 105  13  28  73 113  62  65  85 |  92  82   1  35   3  89  38  46  56  80  40 |  52  27 106 119  57  66  15  69  48  74  45 |
|  49  11  70 103  23 114 116  31 101  16  93 |  89  35  82  80   1  46   3  40  38  92  56 |  73  13  28  65  36  85  91 113  62  20 105 |  43 111 100 118  39 117  58  18  95  10  44 |  12  78  17   2  42  87  51  26  97  86 110 |  64  67  50  54  83  98  90   4 112  29  24 |  72  77  21  53  68  19   9  30  60  99  71 |  94   5  34   7  22  96 102  55  88  75  25 |  52  48  74  27  69  15 119  45  66  57 106 |  47 104  33 115  41  14 109  76  84 121 107 |  61 108  37  63   6  32   8  59  79 120  81 |
+---------------------------------------------+---------------------------------------------+---------------------------------------------+---------------------------------------------+---------------------------------------------+---------------------------------------------+---------------------------------------------+---------------------------------------------+---------------------------------------------+---------------------------------------------+---------------------------------------------+
|  88  49  55 116  93  16  94  25  70  75 102 |  73  56  46   1 113  62  89  91  40 105  20 | 103  11  31  23 114 101  28  13  36  85  65 |  63  32  18  81 111 108  43  61 120 118  95 |  51  97 115  42  41 121 104 109  47  87  26 |  54  35  90  80  98  82   3  24  29  38  92 | 117  60  44  68  39 100  21  99  58  10  72 |  96  71  30  19  77   9  22   5  53   7  34 | 106  50  15  57   4  67  83  69  48  64 112 |  27  76  45  84  14 119 107  66  52  33  74 |  37   6 110  12  86  79  17  78   2   8  59 |
| 119  14  45  84  76 107  52  27  33  74  66 |  17   6  37  79   2 110   8  78  59  12  86 | 115  41  47 104 109 121  97  42  26  87  51 |  73  62  56 113  46 105  89  20  91   1  40 | 116  49  25  16  75 102  94  55  88  93  70 | 111 108  95  32  18  61 120  43 118  81  63 |  92  90  38  98  82  35  29  54   3  80  24 | 106   4  64  67  50 112  48  69  83  15  57 |  99  44  72  68  58 117 100  60  21  39  10 |  53  96  77  34   7  19   5   9  30  22  71 |  85  65 101 103  23  36  31  11 114  28  13 |
|  31  28 114  65  85  13  23 103  36  11 101 |  92  98  54  29  38  80  24   3  90  35  82 | 105  91  73  20 113  62  89  40   1  46  56 | 117  10  68  44  99 100  72  39  58  21  60 |   6   8  12  59  78 110  86   2  17  37  79 | 106  83  69 112  57  64   4  15  48  50  67 |  19   5  77  34  30  53  22  96  71   9   7 |  93  75  94  88  55 102  70  16  25  49 116 |  76  45  14  84  74 119  27 107  33  52  66 | 115  87 109  51  97  47  42 121 104  26  41 | 111  18  32 108  61 118  63 120  81  43  95 |
|  92  24  38  98  54  90  82  35  29   3  80 | 119  84  76  33  45  66  14  74 107  27  52 |  83   4  67  64  50 112  15  69  48 106  57 |  88 102 116  55  93  25  49  94  75  70  16 |  68  72 100  60  58  10  39  44 117  99  21 |  87 115  42 121  51 104  41  97  26 109  47 |  31  13 114  65  23 103  36  85  11 101  28 |  46  91  20  73 113  62   1  40 105  89  56 |  37   2   8   6  78  17  12  59  79  86 110 | 108 111  81  18  43  63  95  32  61 118 120 |  96  34   9  53  30  22  19  71  77   7   5 |
|  67  15  50  57 106  69  64  83  48   4 112 |  47  51  87  26 109 121  97  41  42 115 104 |  27  74 119  52  45  66  14 107  33  76  84 |  31 101  65 114  85 103  28  23  11  36  13 |  34   7  53   5  71   9  30  77  19  96  22 |  37  12  59 110   6  86  78   8  79   2  17 |  73  40 113  56  20 105   1  46  91  62  89 |  54   3  82  92  38  80  29  90  35  24  98 | 111  81  43  18 120  63 108  95 118  61  32 | 100  99  44  68  72 117  60  10  39  21  58 |  93 116 102  25  94  70  88  75  55  49  16 |
|  19   7  77  34  96   5  30  53  22  71   9 |  31  65  85  36 114 101  28  11  13 103  23 |  25  75  88  94  55 102  49  16  70  93 116 |  17 110   6   2  37  12   8  86  78  79  59 |  84  14  27 107  74  66  52  45 119  76  33 |  46 105  40  62  56  20  91  89   1 113  73 |  63  95  81  18  61 108 118 111 120  32  43 |  99  58  39 117  44  10  21  60 100  72  68 |  54  38  24  98   3  92  35  90  29  82  80 |  83 106  50  57  15  67  69 112  64  48   4 |  87  51 121 115 104  26  47  41 109  97  42 |
|  47  97 109  51  87  42 104 115  26  41 121 |  63  18 111 118  81  32  43 120  95 108  61 |  12  78  17  86   2 110   8  59  79  37   6 |  92  80  98  38  54  35  24  82   3  29  90 |  65  28 103  13  11 101  23 114  31  85  36 |  99 100  60  10  68  39  58  72  21  44 117 |  67  69  50  57  64  83  48 106   4 112  15 |  76  74  52 119  45  66  33 107  27  14  84 |  96  77   7  34  71  19  53   5  22  30   9 |  25  93  55 116  49  88  16 102  94  70  75 |  46  56  62 105  20   1  73  91 113  89  40 |
|  17   8   2   6  37  59  86  12  79  78 110 | 117  68  99  21  44  10  72  58  60 100  39 | 108 120  63  61  81  32  43  95 118 111  18 |  67 112  57  50 106  83  15  64   4  48  69 |  56  89 105  40  91  62  20 113  73  46   1 |  96  53   5   9  34  30  71   7  22  77  19 | 119 107  45  84  52  27  33  76  74  66  14 |  87  41 104  47 109 121  26  42 115  97  51 |  93  55  49 116  75  88  25  16  70  94 102 | 103  85 114  65  28  31  13 101  23  36  11 |  54  98  80  35  82  29  92   3  38  24  90 |
| 117  72  44  68  99  60  39 100  21  58  10 |  88 116  93  70  55 102  49  75  16  25  94 |  53  71  19  30  77   9   7   5  22  96  34 |  47 121  51 109  87 115  97 104  41  26  42 |  57  15  83  69   4 112  64  50  67 106  48 |  85 103  13 101  65  23  11  28  36 114  31 |  17  59   2   6  86  12  79  37  78 110   8 | 111 120  61  63  81  32 118  95 108  43  18 |  46 113  89  56  91  73 105  40   1  20  62 |  35  54  38  98  24  92  90  80  82  29   3 |  76  84  66  27  52  33 119  74  45  14 107 |
|  63  43  81  18 111  95  61 108 118 120  32 |  19  34  96  22  77   9   7  71   5  53  30 | 100  58 117  39  44  10  72  60  21  99  68 | 119  66  84  45  76  27  14  52  74  33 107 |  98  24  35  90   3  80  82  38  92  54  29 |  93  25  16 102 116  94  75  49  70  55  88 |  47  42 109  51 104 115  26  87  41 121  97 |  37  78  86  17   2 110  79  59  12   8   6 |  85 114  28  65  11  31 103  13  36  23 101 | 105  46 113  56  89  73  40  62  20   1  91 | 106  57 112  83  64  48  67   4  50  15  69 |
|  73  89 113  56  46  40  20 105   1  91  62 |  67  57 106  48  50 112  15   4  69  83  64 |  35   3  92  82  38  80  24  90  29  54  98 |  19   9  34  77  96  53   7  30  71  22   5 |  18  43 108  95 120  32  61  81  63 111 118 |  76  27 107  66  84  52  74  14  33  45 119 |  88  16  55 116  94  25  70  93  75 102  49 |  85  11  23  31 114 101  36  13 103  28  65 |  87 109  97  51  41  47 115  42  26 104 121 |  12  37   2   6   8  17  59 110  86  79  78 |  99  68  10 100  39  21 117  58  44  72  60 |
+---------------------------------------------+---------------------------------------------+---------------------------------------------+---------------------------------------------+---------------------------------------------+---------------------------------------------+---------------------------------------------+---------------------------------------------+---------------------------------------------+---------------------------------------------+---------------------------------------------+
|  46  82  92  29  90  35  38  80  24  56   3 | 106  33 107  14 119  74  52  57  27  66  45 | 112  98  54  50  67   4  64  83  15  69  48 |  96  75  70  88  16 102  94  55  34  49  25 |  21  39  10 100  18  58  44 117 111  60  72 |  42 121 115  41  26 109  84 104  97  47  76 |  93 103  31  36 114 101  28  13 116  11  23 |  40  65 113  85  73  91  89 105  62  20   1 |  59  17  86  79  51  87 110  12   8   2  78 |  32  95  63 118  61  37 108 120  81  43   6 |   5  22  71   9  77   7  99  68  19  30  53 |
|  99  30  19  22   5  53  77   9   7  68  71 |  93  36  13  28  31  11  23 116 103 101 114 | 102  34  96  55  88  75  94  25  49  16  70 |  87  78  79  17  59 110  86   2  51   8  12 |  33  52  66  27  57  74  45 119 106 107  14 |  40  62 105  91   1 113  65  20  89  73  85 |  37 108  63 118  81  32  43  95   6 120  61 |  60  18  44 111 117  58  72 100  10  39  21 |  90  92  82  29  56  46  80  35  24  38   3 | 112  69  67  48  64  54  83   4  50  15  98 |  42  26  41 121 109  97  76  84  47 104 115 |
|  54  64  67  48  69  83  50 112  15  98   4 |  76  26  42  97  47  41 104  84 115 121 109 |  66  57 106  45 119  74  52  27  14 107  33 |  93  11  36  31  13 101  23 114 116  28 103 |  22  30   9  53  68  71  77  19  99   5   7 |  59 110  12  78  79   2  51  86   8  17  87 |  85 105  73   1 113  62  89  40  65  91  20 |  90  56  38  46  92   3  24  35  80  82  29 |  95  63  61 118   6  37  32 108  43  81 120 |  10  60 117  21  39 111 100  58  44  72  18 |  16  70  75 102  55  49  96  34  88  94  25 |
| 106  52 119  33 107  27  45  66  14  57  74 |  87  79  59   8  17  78  86  51  12 110   2 | 121  84  76 109  47  41 104 115  97  42  26 |  85  91   1  73  40  62  20 113  65  89 105 |  70  94 102  25  34  75  55  88  96  16  49 |  95  32 108 120 118  81   6  61  43  63  37 |  46  35  92  29  38  80  24  90  56   3  82 |  69  98  50  54  67   4  15  83 112  64  48 |  60 117  39  21  18 111  10 100  72  44  58 |   9   5  19  22  30  99  53  71  77   7  68 |  13  36  11 101 114  28  93 116  31  23 103 |
|  85  20  73   1  40 105 113  62  89  65  91 |  54  48  69  15  67   4  64  98  83 112  50 |  80  56  46  38  92   3  82  35  24  90  29 |  99  71  22  19   5   9  30  77  68   7  53 | 118  61  32 108   6 120  81  63  37  95  43 | 107  66  27  74  33  45  57  52  14 119 106 |  96  25  88  70  55 102  49  16  34  75  94 |  13 116 114  93  31  11  28 103 101  23  36 |  42  47 104  26  84  76 121 115  97 109  41 | 110  59  17  79  86  87  12  78   2   8  51 |  60  21  58  10  44  72 111  18 117  39 100 |
|  37  61  63 118  95 108  81  32  43   6 120 |  99  22   5   7  19  71  30  68  53   9  77 |  10  18 111  44 117  58  39 100  72  60  21 | 106  74  33 119 107  66  52  45  57  14  27 |  29  82  80  35  56   3  38  92  46  90  24 |  16 102  25  75  70  55  34  94  49  88  96 |  76 115  47  26 109 121  97  42  84  41 104 |  59  51   2  87  17  78   8  12 110  86  79 |  13  31  23  36 116  93 101 103  28 114  11 |  62  40  73   1  20  85 105  91 113  89  65 |  69  48   4 112  50  15  54  98  67  64  83 |
|  76 104  47  26  42 115 109 121  97  84  41 |  37 118  95  43  63 120  61   6 108  32  81 | 110  51  87   2  17  78  86  12   8  59  79 |  46   3  29  92  90  80  82  38  56  24  35 |  36  23 101 103 116  11 114  31  93  13  28 |  60  10 100  58  21  44  18  39  72 117 111 |  54  83  67  48  50 112  15  69  98   4  64 | 107  57  45 106 119  74  14  27  66  52  33 |   5  19  30  22  68  99   9  53   7  77  71 | 102  16  88  70  94  96  25  75  55  49  34 |  40   1  91  62 113  89  85  65  73  20 105 |
| 111  39 117  21  60 100  44  10  72  18  58 |  96  70  16  49  88  75  94  34  25 102  55 |   9  68  99  77  19  71  30  53   7   5  22 |  76  41  26  47  42 121 104 109  84  97 115 |  48  64 112  83  98   4  50  67  54  69  15 |  13 101 103  11  36 114 116  23  28  31  93 |  87  12  17  79   2 110   8  59  51  78  86 |  95   6  81  37  63 120  43 108  32  61 118 |  40  73  20   1  65  85  62 105  89 113  91 |  80  90  92  29  82  46  35   3  38  24  56 | 107  33  74  66  45  14 106  57 119  52  27 |
|  93  23  31  36  13 103 114 101  28 116  11 |  46  29  90  24  92   3  82  56  35  80  38 |  62  65  85 113  73  91  20 105  89  40   1 | 111  58  21 117  60  10  39  44  18  72 100 |  79  86 110  12  51  78   2  17  87  59   8 |  69 112  83   4  48  50  98  64  15  67  54 |  99  53  19  22  77   9   7   5  68  71  30 |  16  34  55  96  88  75  49  25 102  94  70 | 107 119  52  33  57 106  66  27  14  45  74 | 121  42  47  26 104  76 115  41 109  97  84 |  95 118 120  32  81  43  37   6  63  61 108 |
|  96  94  88  70  16  25  55 102  49  34  75 |  85   1  40  89  73  91  20  65 105  62 113 | 101 116  93 114  31  11  23 103  28  13  36 |  37 120 118  63  95  32  61  81   6  43 108 |  26 104 121 115  84  41 109  47  76  42  97 |  90  80  35   3  29  38  56  82  24  92  46 | 111 100 117  21  44  10  72  60  18  58  39 |   5  68  77  99  19  71   7  53   9  30  22 |  69  67  64  48  98  54 112  83  15  50   4 |  66 107 119  33  52 106  27  74  45  14  57 |  59  79  78 110   2   8  87  51  17  86  12 |
|  87  86  17  79  59  12   2 110   8  51  78 | 111  21  60  72 117  58  39  18 100  10  44 |  32   6  37  81  63 120  61 108  43  95 118 |  54   4  48  67  69 112  64  50  98  15  83 |   1  20  62 105  65  91 113  73  85  40  89 |   5   9  53  71  22  77  68  30   7  19  99 | 106  27 119  33  45  66  14 107  57  74  52 |  42  84 109  76  47  41  97 115 121 104  26 |  16  88  94  70  34  96 102  25  49  55  75 | 101  13  31  36  23  93 103  11 114  28 116 |  90  29   3  80  38  24  46  56  92  82  35 |
+---------------------------------------------+---------------------------------------------+---------------------------------------------+---------------------------------------------+---------------------------------------------+---------------------------------------------+---------------------------------------------+---------------------------------------------+---------------------------------------------+---------------------------------------------+---------------------------------------------+
|  74 107  66  47  84  33  27  14  76  45  52 |  78  63   6  37 110  86  59   2  79   8  12 |  97 109  41 115 121 104  42  26  87  51  17 |  91  20  92  62  56  89  40 105 113  46   1 |  31  16  49  70  55  94  25 102  75 116  93 |  18  43 118  61 117 108  81  95 111  32 120 |   3  29  80  67  35  24  54  98  38  82  90 |  57  50  83   4 112  64 106  48  15  69 119 |  68  10  60  19  44  58  72  21  99 100  39 |   7  34   9  88   5  71  22  30  53  96  77 |  65  73  23  28 103  85  11 114 101  13  36 |
|  58  60  10  19  68  21 100  72  99  44  39 |  75  31 116  93 102  94  16  55  70  49  25 |   7  77  71  53   9  30   5  22  96  34  88 |  41 104  17 121  51  97  42 115 109  87  26 | 119  69  15  48  50  64  83 112   4  57 106 |  65  28  36  23  73 103 114  13  85 101  11 |  78  79 110  63  12   8  37   6   2  86  59 |  18  81 108 120  32  61 111 118  43  95 117 |  56  62  40  92 113  91  89   1  46 105  20 |  24  98  80  67  90   3  29  82  35  54  38 |  84  47  52  14  27  76  74  45  66 107  33 |
|  91  40  62  92  56   1 105  89  46 113  20 |   4 119  57 106 112  64  69  50  48  15  83 |  24  38   3  35  80  82  90  29  54  98  67 |  71  30  88   9  34   7   5  53  77  96  22 | 117  95  43 118  81  61 108  32 120  18 111 |  84  14  33  52  47  27  45 107  76  66  74 |  75  70 102  31  25  49  93 116  55  94  16 |  65 114 103  11 101  23  85  36  28  13  73 |  51 121  42  17 109  41  97  26  87 115 104 |   8   6 110  63  59  78  79  86  12  37   2 |  68  19  39  72 100  99  58  44  10  60  21 |
|  78  59 110  63   6  79  12   8  37   2  86 |  58  19  68  99  10  39  60  44  21  72 100 |  43  81 120 108  32  61  95 118 111  18 117 |   4  64 119 112  57  15  69  83  50 106  48 |  92  40  89   1 113  20 105  62  91  56  46 |  34   7  22  30  88  53  77   5  96   9  71 |  74  33  66  47  27  14  76  84  45  52 107 |  51 109 115  41 121 104  87  26  97  42  17 | 116 102  16  31  55  75  49  70  93  25  94 |  28  65 101  73  13  11  36  23 103  85 114 |  98  67  82  24  35  54   3  38  80  90  29 |
|  11  13 101  73  65  36 103  28  85 114  23 |   3  67  98  54  80  82  90  38  29  24  35 |  89 113  91 105  62  20  40   1  46  56  92 |  58  39  19  10  68  72  60 100  44  99  21 |  63  59   8  79   2  86  12 110  78   6  37 |  57  15  48  64 119  83  50  69 106 112   4 |  71  22   9  88  53   7  96  34  77  30   5 | 116  55  25  75 102  94  93  70  49  16  31 |  84  66 107  47  45  74  14  33  76  27  52 |  97  51 121  17  42  41  26 104 115  87 109 |  18 117  61  43 108 111 120  81  32  95 118 |
|   4  69 112 119  57  48  83  15 106  50  64 |  41  17  51  87 121 104  42 109  26  97 115 |  14  45  74  27  66  52 107  33  76  84  47 |  11  23  73 101  65  28  13 103 114  85  36 |  88   5   7  22  77  30  53   9  71  34  96 |   6   8  79  86  63  12   2  59  37 110  78 |  91   1  62  92 105  89  46  56 113  20  40 |  98  38  35   3  80  82  54  29  24  90  67 |  18  32  95 117  81 120  43 118 111 108  61 |  72  68  10  19  60  58  21  39 100  99  44 | 116  31  94  49  25  93  75  55 102  16  70 |
| 120  95  32 117  18 118 108  43 111  81  61 |  71  88  34  96   9  30   5  77  22   7  53 |  72  44  58 100  10  39  60  21  99  68  19 |  74  52  47  66  84  14 107  27  45  76  33 |  67  90  24  29  38  82  35  80   3  98  54 | 116  49  70  94  31  25  55  16  93 102  75 |  41  26 121  17 115  97  87  51 109 104  42 |   6   2  12  78 110  86  37  79   8  59  63 |  65 101  13  73 114  11  28  36  85 103  23 |  89  56  62  92  40  91   1  20 105  46 113 |  57 119  64  15  83 106   4  50 112  69  48 |
|  71   5   9  88  34  22  53   7  96  77  30 |  11  73  65  85 101  23  13 114  36  28 103 |  49  55  75  25 102  94  16  70  93 116  31 |  78  86  63 110   6   8  59  12   2  37  79 |  47 107  14  33  45  52  27  66  74  84  76 |  56  89   1  20  92 105 113  40  46  62  91 | 120 118  32 117 108  43 111  18  81  61  95 |  68  44 100  58  10  39  99  21  72  60  19 |  98  80  90  67  38   3  24  29  54  35  82 |  15  57 112 119  69   4  48  64  83 106  50 |  51  17 104  97 115  87  41 109 121  42  26 |
|   3  90  80  67  98  29  35  24  54  38  82 |  74  47  84  76  66  52 107  45  33  14  27 |  15  50   4  83 112  64  69  48 106  57 119 |  75  94  31 102 116  49  16  25  55  93  70 |  19  60  72  21  44  39 100  10  58  68  99 |  51  97  26 104  17 115 109  42  87 121  41 |  11  36 101  73 103  28  85  65 114  23  13 |  56 113 105  91  62  20  46   1  89  40  92 |   6 110  59  63   2  78   8  79  37  12  86 |  43  18  32 117  95 120 118  61 108 111  81 |  34  88  30   7  53  96  71  77   9   5  22 |
|  41  42 121  17  51  26 115  97  87 109 104 | 120 117  18 111  32  61  95  81 118  43 108 |   8   2  78  12 110  86  59  79  37   6  63 |   3  82  67  80  98  24  90  35  38  54  29 |  73  13  28  36 114  23 103 101  11  65  85 |  68  72  21  39  19 100  44  60  99  10  58 |   4  48 112 119  83  15 106  57  50  64  69 |  84  45  27  74  66  52  76  33  14 107  47 |  34   9   5  88  77  71   7  22  96  53  30 |  49 116 102  31  16  75  70  94  25  93  55 |  56  92  20  89 105  46  91 113  62  40   1 |
|  75  16 102  31 116  70  25  49  93  55  94 |  91  92  56  46  62  20  40 113   1  89 105 |  28 114  11 103 101  23  13  36  85  65  73 | 120  61 117  32  18  43  95 108  81 111 118 |  17  42  97  26 109 104 115 121  41  51  87 |  98  24  29  82  67  35  38  90  54  80   3 |  58  21  10  19 100  72  99  68  44  39  60 |  34  77  53  71   9  30  96  22   7   5  88 |  57 112  69 119  50   4  15  48 106  83  64 |  14  84  66  47 107  74  33  52  27  76  45 |   6  63  86   8  12  37  78   2 110  59  79 |
+---------------------------------------------+---------------------------------------------+---------------------------------------------+---------------------------------------------+---------------------------------------------+---------------------------------------------+---------------------------------------------+---------------------------------------------+---------------------------------------------+---------------------------------------------+---------------------------------------------+
| 110  37  12  81 120   6  59  79  63  86   8 |  10  77  71  19 100  72  99  39  68  21  60 | 118  61  32  95 108  43 111  18 117  58  44 | 112  15  45  83  74  48 106  69  64 119  57 |  38  46   1  56  20  89  40 105  62   3  92 |  75  22  34   7  55   5  30  96  88  53   9 |  66  84  27 109 107  33  47  41  52  14  76 |  78 104  42 121 115  97  17  51  26  87   2 |  11  25  93 114  94 102  70 116  31  16  49 |  36  91 103 113  85 101  65  28  13  73  23 |   4  50  24  29  90  67  80  82  35  54  98 |
|   9  96  53  55  75  34   5  22  88  30   7 | 101 113  91  73 103  28  85  23  65  36  13 |  70  94 102  16  25  49  93 116  31  11 114 | 110   8  81  12 120  79  37  59  86  63   6 | 109  76  33  84  52  14 107  27  66  41  47 |   3   1  56  89  38  40  20  46  92 105  62 |  32  18 108  44  95 118 117  58  61  43 111 |  71  39  60  10 100  72  19  68  21  99  77 |   4  35  54  50  82  80  29  98  67  90  24 |  48  74  83  45 106 112  57  15  69 119  64 |  78   2  97  26  42  17 121 104 115  87  51 |
| 102  93  25 114  11 116  16  70  31  94  49 |  62  38   3  92 105  89  46  20  56   1  40 |  36  23 101  13 103  28  85  65  73  91 113 |  32  43  44 108  58 118 111  95  61 117  18 |   2  87  26  51 104  97  42 115 121  78  17 |   4  29  98  24  50  90  82  54  67  35  80 |  10  68 100  77  60  21  19  71  39  72  99 |  75  30   5   9  53   7  88  34  22  96  55 |  74  83 106  45  64 112  48  57 119  69  15 |  33  41  27 109  76  66  84  14 107  47  52 | 120  81   8  79  59  63 110  86  12  37   6 |
|  62  46 105  38   3  56  40   1  92  20  89 | 112  45  74 119  83  15 106  64  57  48  69 |  29  82  80  90  35  24  54  98  67   4  50 |   9   7  55  53  75  22  96   5  30  88  34 |  44 111 118  18  61  43  95 108  32  58 117 |  41  33  84  14 109 107  52  76  47  27  66 | 102 116  25 114  16  70  31  11  94  49  93 |  91  23  13 101 103  28  73  65  36  85 113 |  78 115  87   2 104 121  26  51  17  42  97 |  79 120  12  81  37 110   6   8  59  63  86 |  71  77  72  21  60  19  10  39 100  99  68 |
|  66  76  27 109  41  84 107  33  47  52  14 | 110  81 120  63  12   8  37  86   6  79  59 |  26 104 121  42 115  97  87  51  17  78   2 |  62  89  38 105   3   1  46  40  20  92  56 | 114  93  70 116  94  49  16  25 102  11  31 |  58 118  18  43  44  95  61 111 117 108  32 |  80  98  35  50  90  29  67   4  82  24  54 |  74  64  69 112  83  15 119  57  48 106  45 |  71 100  99  77  39  10  21  68  19  60  72 |  22  75  53  55  96   9  34   7   5  88  30 |  91 113  28  36  13  73 101  23 103  85  65 |
| 101  85 103 113  91  65  13  36  73  23  28 |  80  50   4  67  35  24  54  82  98  29  90 |   1  20  62  40 105  89  46  56  92   3  38 |  10  72  77 100  71  21  99  60  39  19  68 |  81  37  79   6  86   8  59  12 110 120  63 |  74  48  57  15  45  69  64 106 119  83 112 |   9  34  53  55   5  22  88  75  30   7  96 |  11  94  16 102  25  49  31 116  70  93 114 |  41  27  76 109  52  66  33  84  47 107  14 |  26  78 115   2  87 121  51  97  42  17 104 |  58  44  43 118  95 117  32  61 108 111  18 |
| 112 106  83  45  74  57  69  48 119  64  15 | 121   2  78  17 115  97  87 104  51  26  42 |  33  52  66 107  27  14  76  84  47  41 109 | 101  28 113 103  91  36  85  13  23  73  65 |  55  96  22  34  30   7   5  53   9  75  88 | 120  79   6   8  81  59  86  37  63  12 110 |  62  56 105  38  40   1  92   3  20  89  46 |   4  82  90  80  35  24  67  98  29  54  50 |  58 108 111  44  61  32 118  18 117  95  43 |  21  71 100  77  99  10  68  72  60  19  39 |  11 114  49  70  16  31 102  94  25  93 116 |
| 121  87 115   2  78  51  42  26  17 104  97 |  32  44  58 117 108  43 111  61  18 118  95 |  79  86 110  59  12   8  37   6  63 120  81 |  80  24  50  35   4  29  54  90  82  67  98 | 113  85  36  65  23  28  13 103 101  91  73 |  71  21  68  72  77  60  39  99  19 100  10 | 112  57  83  45  69  48 119  74  64  15 106 |  41  52 107  66  27  14  47  84  33  76 109 |  75  53  96  55  30   9  22  34  88   5   7 |  70  11  25 114  93 102 116  49  16  31  94 |   3  38  89   1  40  92  62  20 105  46  56 |
|  10  99 100  77  71  68  60  21  19  39  72 | 102 114  11  31  25  49  93  94 116  70  16 |  22  30   9   5  53   7  96  34  88  75  55 | 121  97   2 115  78  26  87  42 104  17  51 |  45 106  48  57  64  15  69  83 112  74 119 |  91  36  65  28 113  13  23  85  73 103 101 | 110   6  12  81  59  79  63 120  86   8  37 |  58  61  95  32 108  43 117  18 118 111  44 |   3 105  46  38  20  62   1  56  92  40  89 |  29   4  35  50  54  80  98  24  90  67  82 |  41 109  14  33 107  47  66  52  27  76  84 |
|  32 111 108  44  58  18  95 118 117  61  43 |   9  55  75  88  53   7  96  30  34  22   5 |  21  39  10  60 100  72  99  68  19  71  77 |  66  14 109  27  41  33  76 107  52  47  84 |  50  54  29  98  82  24  90  35  80   4  67 |  11  70 116  49 114  16  94  93  31  25 102 | 121  51 115   2  42  26  17  78 104  97  87 | 120  86  59 110  12   8  63   6  79  37  81 |  91 103  85 113  23 101  36  65  73  13  28 |   1   3 105  38  46  62  56  89  40  92  20 |  74  45  15  48  69 119 112  64  83 106  57 |
|  80  54  35  50   4  98  90  29  67  82  24 |  66 109  41  47  27  14  76  52  84  33 107 |  48  64 112  69  83  15 106  57 119  74  45 | 102  49 114  25  11  70  93  16  94  31 116 |  77  99  21  68  39  72  60 100  10  71  19 |  78  26  51  97   2  42 104  87  17 115 121 | 101  65 103 113  13  36  73  91  23  28  85 |   3  20  40  62 105  89  92  56   1  46  38 | 120  12  37  81  86 110  79   6  63  59   8 | 118  58 108  44 111  32  18  43  95 117  61 |  75  55   7  22   5  88   9  30  53  96  34 |
+---------------------------------------------+---------------------------------------------+---------------------------------------------+---------------------------------------------+---------------------------------------------+---------------------------------------------+---------------------------------------------+---------------------------------------------+---------------------------------------------+---------------------------------------------+---------------------------------------------+
|  65 105  91  46   1  89  62  20  40  73 113 |  98 106  48  69   4  50  83  67  15  64 112 |  82  92  56  80   3  38  35  24  90  29  54 |  68  77  96  71  22  30  53   9  19   5   7 | 111 108  61  43  63  81  32 120   6 118  95 |  33  52  14  45  76  66 119  27 107  74  57 |  34  49  75  93 102  94  16  70  88  55  25 |  36  31 101 116  11 114  13  28  23 103  85 |  26  41 115  87  47  84 104  97  42 121 109 |  86  79  78  37  12  51   8   2 110  59  17 |  21  99  44  39  10  60  18 117  58 100  72 |
|  56  35   3  54  29  24  80  82  90  92  38 |  57  76  33 107  74  45  27 119  14  52  66 |  64  67  98 112   4  50  83  15  69  48 106 |  34  55  93  75  70  94  25 102  88  16  49 |  99 100  39  72 117  44  10  58  18  21  60 |  26 104  97 109  87 121  47 115  42  41  84 | 116  28  11  85 101  23  13  36  31 114 103 |   1  73  62  65  91 113  40  89  20 105  46 |  79  78  12  37  17  51  86   8  59 110   2 |  61 118 120 111 108   6  43  81  32  95  63 |  22  96  77  30   9   5  68  19  71  53   7 |
|  84 115  41  87  26  97 121 104  42  47 109 |   6 111 118  95 120  81 108  63  43  61  32 |  86  17  51 110  78   2  12   8  59  79  37 |  56  38  54   3  29  82  35  80  92  90  24 |  85 103  23  28  31 114 101  11 116  36  13 |  21  39  72  44  99  10 117 100  60  58  18 |  98  15   4 106 112  64  69  48  67  50  83 |  33 119  66  57  74  45 107  14  52  27  76 |  22  71  53  96  19  68  30   7   5   9  77 |  94  70  75  93  25  34  49  55 102  16  88 |   1  46 113  20  62  40  65  73  91 105  89 |
|  68  53  71  96  22   7   9  30   5  19  77 | 116  85  36  13  11 114 103  31  28  23 101 |  94  88  34 102  75  55  25  49  16  70  93 |  51   2  37  78  79  86  12 110  17  59   8 |  76  27  52  14 119  45  66  74  57  33 107 |   1  20  89 113  46  62  73 105  40  91  65 |   6  43 120 111  32  61  95 118  63  81 108 |  21 117  10  18  58  44  60  72  39 100  99 |  29   3  35  54  92  56  82  24  90  80  38 |  64  48   4 106  83  98  15  50 112  69  67 |  26  87 109 104 121  42  84  47  41 115  97 |
|   6 108 120 111 118  43  32  61  95  63  81 |  68  96  22   5  71  77  53  19   7  30   9 |  39 117  18  10  58  44 100  72  60  21  99 |  57  45  76  74  33  52  27  66 119 107  14 |  54  35  82  24  92  38  80   3  56  29  90 |  70  94  49  55  93 102  88  25  16  75  34 |  84  97  41  87 121 104  42  26  47 109 115 |  79  17 110  51  78   2  59   8  86  12  37 |  36  11 103  85  31 116  23  28  13 101 114 |  20   1  91  46 105  65  89 113  62  40  73 |  48 106  50  64 112  69  98  67   4  83  15 |
|  98  83   4 106  48  15 112  64  69  67  50 |  84  87  26  42  41 109 115  47  97 104 121 |  52 119  57  66  74  45  27  14 107  33  76 | 116 114  85  11  36  23 103 101  31  13  28 |  96  53  30   7  19  77   9  71  68  22   5 |  79  86   8   2  37 110  17  12  59  78  51 |  65  89  91  46  62  20  40   1  73 113 105 |  29  92  80  56   3  38  90  24  82  35  54 | 118 120 108 111  63   6  61  43  95  32  81 |  39  21  58  99 100  18  72  44  10  60 117 |  70  93  55  94 102  16  34  88  75  25  49 |
|  34  25  75  93  70  49 102  94  16  88  55 |  65  46   1  40  91 113 105  73  89  20  62 |  23  31 116 101  11 114 103  28  13  36  85 |   6  81 111 120 118  61 108  32  63  95  43 |  87 115 104  97  47 109 121  41  84  26  42 |  29  82  24  38  54  80  92  35  90   3  56 |  18  72  58  99  10  39  60  21 117  44 100 |  22  19   9  68  71  77   5   7  30  53  96 |  48   4  83 106  67  98  64  15  69 112  50 |  52  33  74  76  27  57  14  45  66 107 119 |  79  37   2  86 110  59  51  17  78  12   8 |
|  18 100  58  99  21  72  10  39  60 117  44 |  34  93  70  16  75  55  25  88  49  94 102 |  30  19  68   9  71  77  53   7   5  22  96 |  84 109  87  41  26 104 115 121  47  42  97 | 106  83  64  15  67  50 112   4  98  48  69 |  36  23  28 114  85 101  31 103  13  11 116 |  51   8  78  37 110  86  59  79  17   2  12 | 118  63  32   6 120  81  95  43  61 108 111 |   1  91 105  46  73  65  20  89  40  62 113 |  82  29   3  54  35  56  24  38  80  90  92 |  33  76  45  52  66 107  57 119  74  27  14 |
|  57  27  74  76  33  14  66  52 107 119  45 |  51  37  79  59  78   2  12  17   8  86 110 | 104  47  84 121  41 109 115  97  42  26  87 |  65 113  46  91   1  20 105  62  73  40  89 |  93  25  94  49  88  55 102  75  34  70  16 | 118  61  43  81 111  32  63 108  95 120   6 |  56  24   3  54  80  82  90  29  92  38  35 |  48  67 112  98   4  50  69  15  64  83 106 |  21  58 100  99 117  18  39  72  60  10  44 |  30  22  71  96  53  68   7  77   9   5  19 |  36  85 114  23 101  13 116  31  11 103  28 |
|  51  12  78  37  79   8 110  86  59  17   2 |  18  99  21  60  58  44 100 117  72  39  10 |  61  63   6  32 120  81 108  43  95 118 111 |  98  50 106   4  48  64  83 112  67  69  15 |  46 105  20  89  73 113  62  91  65   1  40 |  22  30   7  77  96   9  19  53   5  71  68 |  57  14  74  76  66  52 107  33 119  45  27 |  26  47 121  84  41 109  42  97 104 115  87 |  70  75  25  93  88  34  94  49  16 102  55 |  23  36  11  85 103 116  28 114 101  13  31 |  29  54  38  82  80  90  56  92   3  35  24 |
| 116 103  11  85  36  28 101  23  13  31 114 |  56  54  29  90   3  38  35  92  24  82  80 |  20  73  65  62  91 113 105  89  40   1  46 |  18  44  99  58  21  39 100  10 117  60  72 |  37  12  86   8  17   2 110  78  51  79  59 |  48  64  15  50 106 112  67  83  69   4  98 |  68   7  71  96   9  30   5  22  19  77  53 |  70  88 102  34  75  55  16  49  94  25  93 |  33  74  27  76 119  57  52  14 107  66  45 | 104  26  41  87 115  84  97 109 121  42  47 | 118 111  81  61  32  95   6  63 120 108  43 |
+---------------------------------------------+---------------------------------------------+---------------------------------------------+---------------------------------------------+---------------------------------------------+---------------------------------------------+---------------------------------------------+---------------------------------------------+---------------------------------------------+---------------------------------------------+---------------------------------------------+
|   2  79  86 120  63  37   8  59   6 110  12 |  44  71  19  68  39 100  21  10  99  60  72 |  95  32  81  43  61 108 118 111  18 117  58 |  50  83  74  64 119  69  48  15 112  57 106 |   3   1  40  46  62 105  89  20 113  92  56 |  88   5  96  53  75   7   9  22  34  30  77 |  45  76  52  41  14 107  84  47  66  27  33 |  17 121  97 109 104 115  51  87  42  26  78 |  31  94  70  11 102  55  16  93 116  49  25 |  13  73  23  91  36 114  85 103  28  65 101 |  67   4  35  90  24  98  38  80  82  29  54 |
|  45  33  52  41  47  76  14 107  84  66  27 |   2 120  63   6  86  12  79 110  37  59   8 |  42 121 109  97 104 115  26  87  51  17  78 | 113 105   3  20  92  40   1  89  62  56  46 |  11  70  16  93 102  25  49  94  55  31 116 | 117  95 111 108  58  43  32 118  18  61  81 |  38  54  82   4  24  90  98  67  80  35  29 | 119 112  15  50  64  83  57 106  69  48  74 |  19  39  21  71  10  44  60  99  68  72 100 |   5  88  30  75  22  77  96  53   7  34   9 |  73  91 103  13  28  65 114 101  23  36  85 |
|  77  22  30  75  88  96   7   5  34   9  53 | 114  91  73  65  23 103  36 101  85  13  28 |  16 102  55  49  94  25  70  93 116  31  11 |   2  12 120  86  63  59  79   8 110   6  37 |  41  33 107  76  66  27  14  52  45  47  84 |  92  40  46 105   3  89  62   1  56  20 113 |  81 111  61  58  43  95  18 117  32 108 118 |  19  10  72  44  39 100  68  99  60  21  71 |  67  82  29   4  80  38  90  54  98  24  35 |  69 119  64  74  48  50 106  83  15  57 112 |  17  78 115  42  97  51 109 121 104  26  87 |
| 113   1  20   3  92  46  89  40  56  62 105 |  50  74 119  57  64  83  48 112 106  69  15 |  90  80  38  24  82  35  29  54  98  67   4 |  77  53  75  30  88   5  22   7   9  34  96 |  58 118  95 111  32 108  43  61  81 117  18 |  47 107  76  27  41  14  66  33  84  52  45 |  55  93  94  11  49  16 116  31 102  25  70 |  73 101  28 114  23 103  65  85  13  36  91 |  17 104  26  78 121 109  42  87  51  97 115 |  59  63  86 120  79   2  37  12   8   6 110 |  19  71 100  60  72  68  44  10  39  21  99 |
|  50  48  64  74 119 106  15  69  57 112  83 | 109  78  17  51 104 115  26 121  87  42  97 | 107  66  45  14  52  27  33  76  84  47  41 | 114 103  91  23  73  13  36  28 101  65  85 |  75  22   5  96   9  53   7  30  77  88  34 |  63  59  37  12 120   8 110  79   6  86   2 | 113  46  20   3  89  40  56  92  62 105   1 |  67  80  24  38  82  35  98  54  90  29   4 | 117  61 118  58  32  81  95 111  18  43 108 |  60  19  39  71  21  44  99 100  72  68  10 |  31  11  25  16  49 116  55 102  94  70  93 |
|  81 118  61  58 117 111  43  95  18  32 108 |  77  75  88  34  30  53  22   9  96   5   7 |  60  10  44  72  39 100  21  99  68  19  71 |  45  27  41  52  47 107  33  14  66  84  76 |   4  29  90  54  80  35  24  82  38  67  98 |  31  16  93  25  11  49 102  70 116  94  55 | 109  87 104  78  97  42  51  17 121 115  26 |  63 110   8   2  86  12   6  37  59  79 120 |  73  23  36  91 101 114  13  85  65  28 103 |  40  92  20   3   1 113  46 105  89  56  62 | 119  74  83  69  15  57  50 112  64  48 106 |
|  44  21  39  71  19  99  72  60  68  10 100 |  55  11  31 116  94  25  70 102  93  16  49 |   5   9  77   7  30  53  22  96  34  88  75 | 109 115  78 104  17  42  26  97 121  51  87 |  74  48  69 106 112  83  15  64  50 119  57 |  73  13  85 103  91  28 101  36  65  23 114 |   2  37  86 120   8  59   6  63 110  12  79 | 117  32  43  81  61 108  18 111  95 118  58 |  92  20   1   3  62 113  40  46  56  89 105 |  90  67  82   4  29  38  54  35  24  98  80 |  47  41  27 107  14  84  45  66  52  33  76 |
| 109  26 104  78  17  87  97  42  51 121 115 |  81  58 117  18  61 108 118  32 111  95  43 |  59 110   2   8  86  12  79  37   6  63 120 |  38  35   4  82  67  90  29  24  80  98  54 |  91  36  13  85 101 103  28  23 114  73  65 |  19  60  99 100  71  72  10  21  68  39  44 |  50 106  64  74  15  69  57 119 112  83  48 |  47  66  14  45  52  27  84  76 107  33  41 |  88  30  22  75   9  77   5  96  34   7  53 |  16  31  94  11  70  55  93  25  49 116 102 |  92   3 105  40  89  56 113  62  20   1  46 |
| 114  36  23  91  73  85  28  13  65 101 103 |  38   4  67  98  82  35  29  80  54  90  24 |  40  62 113  89  20 105   1  46  56  92   3 |  44 100  71  39  19  60  21  72  10  68  99 | 120  79  59  37 110  12   8  86   2  63   6 | 119  69 106  83  74  15 112  48  57  64  50 |  77  96  30  75   7   5  34  88   9  53  22 |  31 102  49  55  94  25 116  93  16  70  11 |  47  52  33  41  66  45 107  76  84  14  27 |  42  17 104  78  26 109  87 115  97  51 121 | 117  58 108  95  43  18  81  32  61 118 111 |
|  38  29  82   4  67  54  24  90  98  80  35 |  45  41  47  84  52  27  33  66  76 107  14 |  69 112  50  15  64  83  48 106  57 119  74 |  55  25  11  94  31  16  70  49 102 116  93 |  71  21  60  99  10 100  72  39  44  19  68 |  17  42  87 115  78  97 121  26  51 104 109 | 114  85  23  91  28  13  65  73 101 103  36 |  92  62  89 113  20 105  56  46  40   1   3 |  63  86  79 120 110   2  59  37   6   8  12 |  95 117  61  58 118  81 111 108  43  18  32 |  88  75  53   5   7  34  77   9  30  22  96 |
|  55  70  94  11  31  93  49  16 116 102  25 | 113   3  92  56  20 105   1  62  46  40  89 |  13 101 114  28  23 103  36  85  65  73  91 |  81 108  58  61 117  95 118  43  32  18 111 |  78  26  42  87 121 115  97 104 109  17  51 |  67  90  54  35   4  24  80  29  98  82  38 |  44  99  39  71  72  60  68  19  10 100  21 |  88   9   7  77  30  53  34  96   5  22  75 | 119  64  48  74 112  50  69 106  57  15  83 | 107  47  52  41  33  45  76  27  14  84  66 |  63 120  12  59   8   6   2 110  86  79  37 |
+---------------------------------------------+---------------------------------------------+---------------------------------------------+---------------------------------------------+---------------------------------------------+---------------------------------------------+---------------------------------------------+---------------------------------------------+---------------------------------------------+---------------------------------------------+---------------------------------------------+
|  13 113  85  89 105  62  73  91  20  36  65 |  90  15  83  64  54  98  50  29 112   4  67 |   3   1  40  92  46  56  38  80  82  35  24 |  60  68   7  99  53  71  77  19  21  30   9 |  43  81 120  32  79   6  63  37  59 108  61 |  27  74  66  57  14 119  48  45  52 106  69 |   5 102  96  49  88  75  94  25  22  34  55 | 103  70  31  16  93 116  23 101  11 114  28 | 115  76 109  97  33 107  41 121 104  47  84 |  78  12  87   8   2  42 110  51  17  86  26 | 100  72  18  58 117  39  95 118 111  44  10 |
|  90  50  54  15  83 112  67   4  64  29  98 | 107  97 115 104  76  84 109  33 121  41  47 |  74  48  69 119 106  57  45  66  52  27  14 |  16 116  28  93 103  11 114  31  70  23 101 |   7  77  71   9  21  68  19  99  60  53  30 |  12  78 110  51   8  17  26   2  86  87  42 |  13  62  85  89  73  91  20 105  36  65 113 |  35   1  92  40  46  56  82  80   3  38  24 | 108  37  81  43  79  59 120  32  61  63   6 |  58 100 111  72  44  95  10  18 117  39 118 |  25  49  34  75  88  94   5  22  96  55 102 |
|  40  38  46  24  35  80  92   3  82   1  56 |  69  14  27  52 106  57  45  48  66  74 119 |   4  29  90  67  54  98  50 112  64  83  15 |   5  34  49  96  25  75  55  88  22  94 102 |  72  44  58  10 118  18 117 111  95 100  39 | 115  41 121  84  97  47  33 109 104  76 107 |  16 101  93  28  31  11  23 103  70 116 114 | 105  36  73  13  85  65  20  62  91 113  89 |  12  87   2   8  26  42  78 110  86  17  51 | 120 108  37  43  81  59  32   6  63  61  79 |  53   7  68  71  19  30  60  21  99  77   9 |
|  69  45 106  14  27  66 119  74  52  48  57 |  42   8  12  86  87  51   2  26 110  78  17 |  41  33 107  47  76  84 109 121 104 115  97 |  13  65  89  85 105  91 113  73  36  20  62 |  49  55  75 102  22  34  88  96   5  25  94 | 108 120  32   6  43  63  79  81  61  37  59 |  40  80  46  24  92   3  82  35   1  56  38 |  83  29  67  90  54  98  64 112   4  50  15 | 100 111  44  72 118  95  58  10  39 117  18 |  71  53  99   7  77  60   9  68  19  30  21 | 103  28 116  11  31  23  16  70  93 114 101 |
| 107 109  76  97 115 121  47  41 104  33  84 |  59  43 108  61  37   6  81  79  32 120  63 |  78  26  42  17  87  51   2 110  86  12   8 |  40  56  24  46  35   3  38  92   1  82  80 |  28 114  11 101  70 116  31  93  16 103  23 | 100  58  10  18  72 117 118  44  39 111  95 |  90 112  54  15  67   4  64  83  29  98  50 |  27  48 119  69 106  57  52  66  74  45  14 |  53  99  77   7  21  60  71   9  30  19  68 |  75  25  96  49  55   5 102  34  88  94  22 | 105  89  65  91  73  20  13  36  85 113  62 |
|  42   2  87   8  12 110  17  78  86  26  51 |  95  72 100  39 111  18  44 118  10  58 117 | 120  79  59  63  37   6  81  32  61 108  43 |  90  98  15  54  83   4  50  67  29  64 112 |  89 113  91  62  36  65  73  85  13 105  20 |  53  71   9  68   7  19  21  77  30  99  60 |  69  66 106  14 119  74  52  27  48  57  45 | 115  33  47 107  76  84 104 121  41 109  97 |  25  96  55  49  22   5  75 102  94  88  34 |  11 103  93  28 114  16 101 116  31  23  70 |  35  24  56   3  92  82  40   1  46  38  80 |
|  95  44 111  72 100  10 117  58  39 118  18 |   5  49  25  94  96  34  55  22 102  75  88 |  71  21  60  19  99  68  77   9  30  53   7 | 107  84  97  76 115  41 109  47  33 104 121 |  15  50   4 112  29  98  67  54  90  83  64 | 103  11 101 116  28  31  70 114  23  93  16 |  42 110  87   8  17  78  86  12  26  51   2 | 108  79  63  59  37   6  61  32 120  81  43 | 105  85 113  89  36  13  91  62  20  73  65 |   3  35  46  24  38  40  80  56  92  82   1 |  27  14  57  74 119  52  69  48 106  45  66 |
|  59  81  37  43 108  32  63 120  61  79   6 |  60   7  53  30  99  68  77  21   9  71  19 |  58 118  95 117 111  18  44  10  39 100  72 |  69  57  14 106  27  74  45 119  48  52  66 |  24  38   3  80   1  56  92  46  40  35  82 |  25  75 102  34  49  88  22  55  94  96   5 | 107 121  76  97  47  41 104 115  33  84 109 |  12  26  17  42  87  51  86 110  78   2   8 | 103  93 114  28  70  16  11 101  23  31 116 |  91 105  85  89 113  13  62  65  73  20  36 |  83  15  98   4  67  64  90  29  54  50 112 |
|  60  77  99   7  53   9  19  71  30  21  68 |  16  28 103  23  93 116 114  70 101  11  31 |  75  22   5  88  96  34  55 102  94  25  49 |  42  51   8  87  12  78   2  17  26  86 110 |  14  45  74  66  48  57 119 106  69  27  52 | 105  91  62  65  89  73  36 113  20  85  13 |  59  32  37  43  63 120  61 108  79   6  81 | 100 118 117  95 111  18  39  10  58  44  72 |  35  46  38  24   1  40   3  80  82  92  56 |   4  83  54  15  50  90 112  98  67  64  29 | 115  97  84  41  47 104 107  33  76 109 121 |
|   5  55  96  49  25 102  88  75  94  22  34 |  13  89 105  20  85  65 113  36  62  91  73 |  11  70  16  31  93 116 114 101  23 103  28 |  59   6  43  37 108 120  81  63  79  61  32 |  97 109  41 121  33  84  47  76 107 115 104 |  35   3  80  56  24  92   1  38  82  46  40 |  95  10 111  72 117  58  39 100 118  18  44 |  53  21  19  60  99  68  30   9  71  77   7 |  83  54  50  15  29  90   4 112  64  67  98 |  74  27 106  14  45  69  66  57 119  52  48 |  12   8  51  78  17  86  42  26  87   2 110 |
|  16 114  93  28 103 101  31  11  23  70 116 |  40  24  35  82  46  56  38   1  80   3  92 |  91  36  13  73  85  65 113  62  20 105  89 |  95  18  72 111 100  58  44 117 118  39  10 |   8   2  78 110  26  51  17  87  42  12  86 |  83   4 112  98  15  67  29  50  64  54  90 |  60   9  99   7  19  71  30  53  21  68  77 |  25  22  88   5  96  34  94 102  75  55  49 |  27 106  45  14  48  69  74  66  52 119  57 |  41 115  76  97 109 107 121  84  47 104  33 | 108  43   6 120  63  61  59  79  37  81  32 |
+---------------------------------------------+---------------------------------------------+---------------------------------------------+---------------------------------------------+---------------------------------------------+---------------------------------------------+---------------------------------------------+---------------------------------------------+---------------------------------------------+---------------------------------------------+---------------------------------------------+
|  25  31  16  23 101  11  93 116 114  49  70 | 105  82  80  38  40   1  92  89   3  56  46 |  65  28 103  85  13  36  73  91 113  62  20 | 108 118  39  95  10  18 117 111  43  44  58 |  86  17  51  78  97  26  87  42 115 110   2 | 112  98   4  29  64  54  24  67  50  90  35 | 100  71  60  30  99  68  77   9  72  21  19 | 102   7  96  53   5  22  55  75  34  88  94 |  66  69 119  52  15  83  57  74  45 106  48 |  84 121 107 104  47  27  41  33  76 109  14 |  32  61  79   6  37  81  12   8  59  63 120 |
|  83 119  69  52  66  74 106  57  45  15  48 | 115  86 110   2  42  26  17  97  78  51  87 |  84  14  27  76 107  33  47  41 109 121 104 | 103  36  20  13  62  65  73  85  28 113  91 |  94  88  34  75   7  22  96   5  53 102  55 |  32   6 120  79  61  37   8  63  81  59  12 | 105   3  40  82  46  56  38  80  89   1  92 | 112  24  54  35  90  29  50   4  98  67  64 |  10  95 117  39  43 108  18  58  44 111 118 |  68   9  60  30  19 100  71  21  99  77  72 | 101  23  70 116  93 114  25  49  16  31  11 |
| 103  73  13  20  62  91  85  65 113  28  36 |  35  64 112  50  90  29  67  24   4  98  54 |  56  89 105  46  40   1  92   3  38  80  82 | 100  21  30  60   9  68  19  99  72  77  71 |  61  63   6 120   8  79  37  59  12  32  81 |  66  57  74  48  52 106  15 119  45  69  83 |  53  75   5  94  96  34  55 102   7  22  88 | 101  49  93  25  16  70 114  11 116  31  23 | 121 107  47 104  14  27  84  41 109  76  33 |  51 110  42  86  17 115  78  26  87   2  97 |  10  39 118  18 111  44 108  43  95 117  58 |
| 115  17  42  86 110  78  87  51   2  97  26 | 108  39  10  44  95 118 117  43  58  18 111 |   6   8  12  37  59  79  63 120  81  32  61 |  35  29  64  90 112  98  67  54  24  50   4 |  20  73  65  91  28  36  85  13 103  62 113 |   9  68  71  21  30  99  72  19  77  60 100 |  83  74  69  52 106  57  45  66  15  48 119 | 121  14  76  27 107  33 109  41  84  47 104 | 102   5  88  94   7  53  34  75  55  96  22 | 116 101  16  23  31  25  11  70  93 114  49 |  80  82   1  56  46  38 105  89  40  92   3 |
|  35  67  90  64 112   4  54  98  50  24  29 |  27 104 121 109 107  33  47  14  41  84  76 |  57  15  83 106  69  48 119  74  45  66  52 |  25  70  23  16 101 116  31  93  49 114  11 |  30  19  68  71  72  21  99  60 100   9  77 | 110  51  78  26  86  87  97  17   2  42 115 | 103  91  13  20  85  65 113  62  28  36  73 |  80  89  46 105  40   1  38   3  56  92  82 |  32  59  63  61   8  12   6 120  81  37  79 |  18  10  95  39 117 108  58 118 111  44  43 | 102  94  22  34  96  55  53   7   5  88  75 |
|  12  63  59  61  32 120  37   6  81   8  79 | 100  30   9  77  60  21  19  72  71  68  99 |  18  43 108 111  95 118 117  58  44  10  39 |  83  48  52  69  66  57 119 106  15  45  74 |  82  92  56   3  89   1  46  40 105  80  38 | 102  34  75  22  94  96   7  88  55   5  53 |  27  41 107 104  76  84 109 121  14  33  47 | 110  97  87 115  42  26   2  78  51  17  86 | 101  16  31  23  49  25 116  11 114  93  70 |  65  62  13  20  73 103  91  36  85 113  28 | 112  64  29  98  54  50  35  24  90  67   4 |
| 100  19  60  30   9  71  99  68  77  72  21 |  25  23 101 114  16  70  31  49  11 116  93 |  34   7  53  96   5  22  88  75  55 102  94 | 115  26  86  42 110  51  17  87  97   2  78 |  52 119  57  74  15  48 106  69  83  66  45 |  62  65  91  36  20  85  28  73 113  13 103 |  12 120  59  61  37   6  81  32   8  79  63 |  10  43 111 108  95 118  44  58  18 117  39 |  80  40  92  82  89 105  56   3  38  46   1 |  98 112  90  64  67  35   4  29  54  50  24 | 121 104  33  84  76 109  27  14 107  47  41 |
|  27  47 107 104 121  41  76  84 109  14  33 |  12  61  32  81  59  79  63   8 120   6  37 |  51  97 115  87  42  26  17  78   2 110  86 | 105   1  82  40  80  56  92  46  89  38   3 |  23  31 116  11  49  70  93  16  25 101 114 |  10  18  58 118  39 111  43 117  44  95 108 |  35   4  90  64  54  98  50 112  24  29  67 |  66  15 106  83  69  48  45  74  57 119  52 |   9  60  19  30  72 100  68  71  77  99  21 |  34 102   5  94  88  53  75  22  96  55   7 |  62  20  36  65  85 113 103  28  13  73  91 |
|  53  88   5  94 102  75  96  34  55   7  22 | 103  20  62 113  13  36  73  28  91  65  85 | 116  49  25  93  16  70  31  11 114 101  23 |  12  79  61  59  32   6  63  37   8  81 120 | 104  47  84  41  14  33  76 107  27 121 109 |  80  56   3   1  82  46  89  92  38  40 105 | 108  58  95  39 111  18  44  10  43 118 117 |   9  72  99 100  60  21  77  71  68  19  30 | 112  90  67  64  24  35  98   4  50  54  29 |  57  66  69  52 119  83  74  48 106  45  15 | 110  86  26  51  87   2 115  97  42  17  78 |
| 108 117  95  39  10  58 111  18  44  43 118 |  53  94 102  55   5  22  88   7  75  34  96 |  68  72 100  99  60  21  19  71  77   9  30 |  27  33 104 107 121  84  47  76  14 109  41 |  64  67  98   4  24  29  54  90  35 112  50 | 101 116  11  70  23  93  49  31 114  16  25 | 115  78  42  86  87  51   2 110  97  26  17 |  32   8  37  12  59  79  81 120   6  63  61 |  62  13  73  20  28 103  65  91 113  85  36 |  56  80  40  82  92 105   3   1  46  38  89 |  66  52  48  57 106  45  83  15  69 119  74 |
| 105  92  40  82  80   3  46  56  38  89   1 |  83  52  66  45  69  48 119  15  74  57 106 |  98  24  35  54  90  29  67   4  50 112  64 |  53  22  94   5 102  34  88  96   7  55  75 |  39 117  18  58  43 118 111  95 108  10  44 | 121  84  41  33 104  76  14  47 109 107  27 |  25  11  16  23  93 116 114 101  49  70  31 |  62  28  85 103  13  36 113  91  65  73  20 | 110  42  17  86  97 115  51  78   2  87  26 |   6  32  59  61  63  12 120  79  37  81   8 |   9  30  21  68  99  77 100  72  60  19  71 |
+---------------------------------------------+---------------------------------------------+---------------------------------------------+---------------------------------------------+---------------------------------------------+---------------------------------------------+---------------------------------------------+---------------------------------------------+---------------------------------------------+---------------------------------------------+---------------------------------------------+
