+-------------------+-------------------+-------------------+-------------------+-------------------+-------------------+
| 11 24  1 33 14 26 | 17 23 12 32 36  8 |  9 18  3 21  2 25 |  6 35  7 31  4 30 | 28 10 13 19 22 16 | 29 34 27  5 20 15 |
|  9 21 18  2  3 25 | 33 11 14 24  1 26 | 23 36 12 32 17  8 |  5 20 29 27 15 34 |  4  7 30 35 31  6 | 10 13 22 16 19 28 |
| 22 28 10 16 19 13 |  5 27 20 15 29 34 | 31  7 35  4  6 30 |  2  3 18  9 21 25 | 24  1 26 14 11 33 | 36  8 23 17 12 32 |
| 27 15 29  5 20 34 |  6 31 35  4  7 30 | 22 10 19 28 16 13 | 33 14  1 11 24 26 | 32 36  8 12 23 17 | 18 25  9  2  3 21 |
| 31  4  7  6 35 30 | 16 22 19 28 10 13 | 27 29 20 15  5 34 | 17 12 36 23 32  8 | 21 18 25  3  9  2 |  1 26 11 33 14 24 |
| 23 32 36 17 12  8 |  2  9  3 21 18 25 | 11  1 14 24 33 26 | 16 19 10 22 28 13 | 15 29 34 20 27  5 |  7 30 31  6 35  4 |
+-------------------+-------------------+-------------------+-------------------+-------------------+-------------------+
|  1  6 30 14 24 11 | 12 36 32 16 13 23 | 18 34 21  5  3  9 | 35  4  8  7 17 31 |  2 25 22 28 10 19 | 26 27 29 20 15 33 |
| 29 33 26 20 15 27 | 35  7  4 17  8 31 | 10 25 28  2 19 22 | 14 24 30  1  6 11 | 16 13 23 32 36 12 | 34  9 18  3 21  5 |
|  7 17  8 35  4 31 | 19 10 28  2 25 22 | 29 26 15 33 20 27 | 12 32 13 36 16 23 |  5 34  9 21 18  3 | 30 11  1 14 24  6 |
| 18  5 34  3 21  9 | 14  1 24  6 30 11 | 36 13 32 16 12 23 | 20 15 26 29 33 27 | 17  8 31  4  7 35 | 25 22 10 19 28  2 |
| 36 16 13 12 32 23 |  3 18 21  5 34  9 |  1 30 24  6 14 11 | 19 28 25 10  2 22 | 33 26 27 15 29 20 |  8 31  7 35  4 17 |
| 10  2 25 19 28 22 | 20 29 15 33 26 27 |  7  8  4 17 35 31 |  3 21 34 18  5  9 |  6 30 11 24  1 14 | 13 23 36 12 32 16 |
+-------------------+-------------------+-------------------+-------------------+-------------------+-------------------+
| 33  1 14 26 11 15 |  8 17 23 36 12  4 |  2  3  9 18 25 28 | 30 31 35  6  7 24 | 10 19 32 22 16 13 | 20 21  5 34 27 29 |
|  2 18  3 25  9 28 | 26 33 11  1 14 15 | 17 12 23 36  8  4 | 34 27 20  5 29 21 |  7 35 24 31  6 30 | 19 32 16 13 22 10 |
|  6  7 35 30 31 24 | 13 16 22 10 19 32 |  5 20 27 29 34 21 |  8 23 12 17 36  4 | 18  3 28  9  2 25 | 14 15 33 26 11  1 |
| 17 36 12  8 23  4 | 25  2  9 18  3 28 | 33 14 11  1 26 15 | 13 22 19 16 10 32 | 29 20 21 27  5 34 | 35 24  6 30 31  7 |
|  5 29 20 34 27 21 | 30  6 31  7 35 24 | 16 19 22 10 13 32 | 26 11 14 33  1 15 | 36 12  4 23 17  8 |  3 28  2 25  9 18 |
| 16 10 19 13 22 32 | 34  5 27 29 20 21 |  6 35 31  7 30 24 | 25  9  3  2 18 28 |  1 14 15 11 33 26 | 12  4 17  8 23 36 |
+-------------------+-------------------+-------------------+-------------------+-------------------+-------------------+
|  3 34 21  9 18  2 | 11 14  1 30 24 33 | 12 32 36 13 23 17 | 27 29 15 20 26  5 |  8  4  6  7 35 31 | 28 16 19 22 10 25 |
| 14 30 24 11  1 33 | 23 12 36 13 32 17 |  3 21 18 34  9  2 | 31  7  4 35  8  6 | 25 28 16 10 19 22 | 15  5 20 27 29 26 |
| 19 25 28 22 10 16 | 27 20 29 26 15  5 | 35  4  7  8 31  6 |  9 18 21  3 34  2 | 30 24 33  1 14 11 | 32 17 12 23 36 13 |
| 20 26 15 27 29  5 | 31 35  7  8  4  6 | 19 28 10 25 22 16 | 11  1 24 14 30 33 | 13 32 17 36 12 23 | 21  2  3  9 18 34 |
| 12 13 32 23 36 17 |  9  3 18 34 21  2 | 14 24  1 30 11 33 | 22 10 28 19 25 16 | 26 15  5 29 20 27 |  4  6 35 31  7  8 |
| 35  8  4 31  7  6 | 22 19 10 25 28 16 | 20 15 29 26 27  5 | 23 36 32 12 13 17 | 34 21  2 18  3  9 | 24 33 14 11  1 30 |
+-------------------+-------------------+-------------------+-------------------+-------------------+-------------------+
| 32 22 16 36 13 12 | 18 21 34 27  5  3 | 24  6 30 31  1 14 | 10 25  2 28  9 19 | 11 33 20 26 15 29 | 17 35  4  7  8 23 |
| 15 11 33 29 26 20 |  7  4  8 23 17 35 | 28  2 25  9 10 19 |  1 30  6 24 31 14 | 22 16 12 13 32 36 |  5  3 21 18 34 27 |
| 28  9  2 10 25 19 | 29 15 26 11 33 20 |  4 17  8 23  7 35 | 18 34  5 21 27  3 | 31  6 14 30 24  1 | 16 12 32 36 13 22 |
| 24 31  6  1 30 14 | 36 32 13 22 16 12 | 21  5 34 27 18  3 |  7  8 17  4 23 35 |  9  2 19 25 28 10 | 33 20 15 29 26 11 |
|  4 23 17  7  8 35 | 10 28 25  9  2 19 | 15 33 26 11 29 20 | 36 13 16 32 22 12 | 27  5  3 34 21 18 |  6 14 24  1 30 31 |
| 21 27  5 18 34  3 |  1 24 30 31  6 14 | 32 16 13 22 36 12 | 29 26 33 15 11 20 | 23 17 35  8  4  7 |  2 19 28 10 25  9 |
+-------------------+-------------------+-------------------+-------------------+-------------------+-------------------+
| 26 14 11 15 33 29 |  4  8 17 12 23  7 | 25  9  2  3 28 10 | 24  6 31 30 35  1 | 19 22 36 16 13 32 | 27 18 34 21  5 20 |
| 30 35 31 24  6  1 | 32 13 16 19 22 36 | 34 27  5 20 21 18 |  4 17 23  8 12  7 |  3  9 10  2 25 28 | 11 29 26 15 33 14 |
| 34 20 27 21  5 18 | 24 30  6 35 31  1 | 13 22 16 19 32 36 | 15 33 11 26 14 29 | 12 23  7 17  8  4 |  9 10 25 28  2  3 |
| 13 19 22 32 16 36 | 21 34  5 20 27 18 | 30 31  6 35 24  1 | 28  2  9 25  3 10 | 14 11 29 33 26 15 | 23  7  8  4 17 12 |
|  8 12 23  4 17  7 | 28 25  2  3  9 10 | 26 11 33 14 15 29 | 32 16 22 13 19 36 | 20 27 18  5 34 21 | 31  1 30 24  6 35 |
| 25  3  9 28  2 10 | 15 26 33 14 11 29 |  8 23 17 12  4  7 | 21  5 27 34 20 18 | 35 31  1  6 30 24 | 22 36 13 32 16 19 |
+-------------------+-------------------+-------------------+-------------------+-------------------+-------------------+
