+----------------------+----------------------+----------------------+----------------------+----------------------+----------------------+----------------------+
| 28 27 21  4 16 22 14 |  1 25 32 33 34 24 12 | 48 31 11  7 10 46 18 | 23  2 41 49 26 39 29 | 47  6 43 15 38 44  9 |  5  3  8 42 20 40 17 | 36 45 37 35 30 13 19 |
|  9 47 38 15  6 44 43 | 30 19 37 35 45 13 36 | 33 24  1 25 34 12 32 |  4 28 27 14 21 22 16 | 48 11 18 46 10  7 31 | 29 41 23 26 49 39  2 |  8 42 20  3  5 17 40 |
| 17  3 42  8  5 40 20 |  6 44 43 47 38  9 15 | 27 28 16 22 21  4 14 | 36 13 35 37 45 19 30 | 41 29 49 23 26 39  2 |  1 33 12 34 32 25 24 | 46 10 18 48 11 31  7 |
| 31 48 10 46 11  7 18 |  5 40 20  3 42 17  8 | 35 13 30 19 45 36 37 | 15  9 47 43 38 44  6 | 33  1 32 12 34 25 24 | 16 27  4 21 14 22 28 | 23 26 49 41 29  2 39 |
| 13 35 45 36 30 19 37 | 16 22 14 27 21 28  4 | 41  2 29 39 26 23 49 | 12 24 33 32 34 25  1 |  3  5 20  8 42 40 17 | 11 48 46 10 18  7 31 | 15 38 43 47  6  9 44 |
| 24 33 34 12  1 25 32 | 29 39 49 41 26  2 23 |  3 17  5 40 42  8 20 | 46 31 48 18 10  7 11 | 35 30 37 36 45 19 13 |  6 47 15 38 43 44  9 |  4 21 14 27 16 28 22 |
|  2 41 26 23 29 39 49 | 11  7 18 48 10 31 46 | 47  9  6 44 38 15 43 |  8 17  3 20 42 40  5 | 27 16 14  4 21 22 28 | 30 35 36 45 37 19 13 | 12 34 32 33  1 24 25 |
+----------------------+----------------------+----------------------+----------------------+----------------------+----------------------+----------------------+
| 23  5 49 40 17 42  3 |  9 38 47  6 18 46 44 | 16 15 28 21 43 22 27 | 19  8 30 35 20 45 13 | 29  2 41 39 14 26  4 | 24  1 25 37 33 34 36 |  7 32 48 11 31 12 10 |
| 46  6 18 44  9 38 47 | 13 45 35 30 20  8 19 |  1 36 24 34 37 25 33 | 22 15 16 27 43 21 28 | 11 31 48  7 32 10 12 |  2 29 39 14 41 26  4 | 40 49  3  5 17 23 42 |
|  8 30 20 19 13 45 35 | 28 21 27 16 43 15 22 | 29  4  2 26 14 39 41 | 25 36  1 33 37 34 24 |  5 17  3 40 49 42 23 | 31 11  7 32 48 10 12 | 44 18 47  6  9 46 38 |
| 12 11 32  7 31 10 48 | 17 42  3  5 49 23 40 | 30  8 13 45 20 19 35 | 44 46  6 47 18 38  9 |  1 24 33 25 37 34 36 | 28 16 22 43 27 21 15 | 39 14 41 29  2  4 26 |
| 15 16 43 22 28 21 27 | 24 34 33  1 37 36 25 | 11 12 31 10 32  7 48 | 39  4 29 41 14 26  2 |  6  9 47 44 18 38 46 | 17  5 40 49  3 42 23 | 19 20 35 30 13  8 45 |
|  4 29 14 39  2 26 41 | 31 10 48 11 32 12  7 |  6 46  9 38 18 44 47 | 40 23  5  3 49 42 17 | 16 28 27 22 43 21 15 | 13 30 19 20 35 45  8 | 25 37 33  1 24 36 34 |
| 36  1 37 25 24 34 33 |  2 26 41 29 14  4 39 |  5 23 17 42 49 40  3 |  7 12 11 48 32 10 31 | 30 13 35 19 20 45  8 |  9  6 44 18 47 38 46 | 22 43 27 16 28 15 21 |
+----------------------+----------------------+----------------------+----------------------+----------------------+----------------------+----------------------+
| 25 31 33 10 12 32 11 | 23 49  5 17 41 39 42 | 13 40  8 20  3 45 30 | 38  7  9  6 48 18 46 | 24 36  1 34 35 37 19 | 15 28 21 47 16 43 44 | 26 27 29  2  4 22 14 |
|  7  9 48 38 46 18  6 |  8 20 30 13  3 40 45 | 24 19 36 37 35 34  1 | 21 44 28 16 47 43 15 | 31 12 11 10 33 32 25 |  4  2 26 27 29 14 22 | 42 41  5 17 23 39 49 |
| 19 24 35 34 36 37  1 |  4 14 29  2 27 22 26 | 17 39 23 49 41 42  5 | 10 25 31 11 33 32 12 | 13  8 30 45  3 20 40 | 46  9 38 48  6 18  7 | 21 47 16 28 15 44 43 |
| 40 13  3 45  8 20 30 | 15 43 16 28 47 44 21 |  2 22  4 14 27 26 29 | 34 19 24  1 35 37 36 | 17 23  5 42 41 49 39 | 12 31 10 33 11 32 25 | 38 48  6  9 46  7 18 |
| 44 28 47 21 15 43 16 | 36 37  1 24 35 19 34 | 31 25 12 32 33 10 11 | 26 22  2 29 27 14  4 |  9 46  6 38 48 18  7 | 23 17 42 41  5 49 39 | 45  3 30 13  8 40 20 |
| 22  2 27 26  4 14 29 | 12 32 11 31 33 25 10 |  9  7 46 18 48 38  6 | 42 39 17  5 41 49 23 | 28 15 16 21 47 43 44 |  8 13 45  3 30 20 40 | 34 35  1 24 36 19 37 |
| 39 17 41 42 23 49  5 | 46 18  6  9 48  7 38 | 28 44 15 43 47 21 16 | 45 40 13 30  3 20  8 |  2  4 29 26 27 14 22 | 36 24 34 35  1 37 19 | 10 33 11 31 12 25 32 |
+----------------------+----------------------+----------------------+----------------------+----------------------+----------------------+----------------------+
| 45 36 30 37 19 35 24 | 22 27  2  4 16 21 14 | 23 26 39 41 29 49 17 | 32 34 12 31  1 33 25 |  8 40 13 20  5  3 42 |  7 46 18 11  9 48 10 | 43  6 28 15 44 38 47 |
| 10 46 11 18  7 48  9 | 40  3 13  8  5 42 20 | 36 45 19 35 30 37 24 | 43 38 15 28  6 47 44 | 12 25 31 32  1 33 34 | 22  4 14 16  2 27 21 | 49 29 17 23 39 26 41 |
| 21  4 16 14 22 27  2 | 25 33 31 12  1 34 32 | 46 10  7 48 11 18  9 | 49 26 23 17 29 41 39 | 15 44 28 43  6 47 38 | 40  8 20  5 13  3 42 | 37 30 24 36 19 45 35 |
| 34 12  1 32 25 33 31 | 39 41 17 23 29 26 49 |  8 42 40  3  5 20 13 | 18 10 46  9 11 48  7 | 36 19 24 37 30 35 45 | 44 15 43  6 28 47 38 | 14 16  2  4 22 21 27 |
| 38 15  6 43 44 47 28 | 19 35 24 36 30 45 37 | 12 34 25 33  1 32 31 | 14 21  4  2 16 27 22 | 46  7  9 18 11 48 10 | 39 23 49 29 17 41 26 | 20  5 13  8 40 42  3 |
| 26 23 29 49 39 41 17 |  7 48  9 46 11 10 18 | 15 38 44 47  6 43 28 | 20 42  8 13  5  3 40 |  4 22  2 14 16 27 21 | 19 36 37 30 24 35 45 | 32  1 31 12 25 34 33 |
| 42  8  5 20 40  3 13 | 44 47 28 15  6 38 43 |  4 21 22 27 16 14  2 | 37 45 36 24 30 35 19 | 23 39 17 49 29 41 26 | 25 12 32  1 31 33 34 | 18 11  9 46  7 10 48 |
+----------------------+----------------------+----------------------+----------------------+----------------------+----------------------+----------------------+
| 47 21 15 16 43 28 22 | 37 24 25 34 36 35  1 | 10 33 32 31 12 11  7 | 29 27 26 39  4  2 14 | 38 18 44  6 46  9 48 | 49 42  5 23 40 17 41 | 30  8 19 45 20  3 13 |
| 33 10 12 11 32 31  7 | 49 17 40 42 23 41  5 | 45  3 20 13  8 30 19 |  6 48 38 44 46  9 18 | 34 37 25  1 36 24 35 | 43 21 16 15 22 28 47 | 29  4 39 26 14 27  2 |
|  3 45  8 30 20 13 19 | 43 28 22 21 15 47 16 | 26 27 14  2  4 29 39 |  1 35 34 25 36 24 37 | 42 49 40  5 23 17 41 | 32 10 11 12  7 31 33 |  6 46 44 38 18 48  9 |
| 48 38 46  6 18  9 44 | 20 13 19 45  8  3 30 | 34 35 37 24 36  1 25 | 16 47 21 22 15 28 43 | 10 32  7 11 12 31 33 | 14 26 29  4 39  2 27 |  5 23 40 42 49 41 17 |
| 41 42 23  5 49 17 40 | 18  9 44 38 46 48  6 | 21 47 43 28 15 16 22 | 30  3 45 19  8 13 20 | 26 14 39 29  4  2 27 | 37 34  1 36 25 24 35 | 11 12  7 10 32 33 31 |
| 35 34 36  1 37 24 25 | 14  2 39 26  4 27 29 | 42 41 49 17 23  5 40 | 11 33 10  7 12 31 32 | 45 20 19 30  8 13  3 | 18 38  6 46 44  9 48 | 16 15 22 21 43 47 28 |
| 27 26  4 29 14  2 39 | 32 31  7 10 12 33 11 | 38 48 18  9 46  6 44 |  5 41 42 40 23 17 49 | 21 43 22 16 15 28 47 | 20 45 30  8 19 13  3 |  1 36 25 34 37 35 24 |
+----------------------+----------------------+----------------------+----------------------+----------------------+----------------------+----------------------+
| 29 49 39 17 41 23 42 | 48 46 38 18  7 11  9 | 43  6 47 15 44 28 21 | 13  5 20 45 40  8  3 | 14 27 26  2 22  4 16 | 35 37 24 19 34 36 30 | 31 25 10 32 33  1 12 |
| 16 14 22  2 27  4 26 | 33 12 10 32 25  1 31 | 18 11 48 46  7  9 38 | 17 29 49 42 39 23 41 | 43 47 21 28 44 15  6 |  3 20 13 40 45  8  5 | 24 19 34 37 35 30 36 |
|  6 43 44 28 47 15 21 | 35 36 34 37 19 30 24 | 32  1 33 12 25 31 10 |  2 16 14 26 22  4 27 | 18 48 38  9  7 46 11 | 41 49 17 39 42 23 29 | 13 40 45 20  3  5  8 |
|  1 32 25 31 33 12 10 | 41 23 42 49 39 29 17 | 20  5  3  8 40 13 45 |  9 11 18 38  7 46 48 | 37 35 34 24 19 36 30 | 47 43 28 44 21 15  6 |  2 22 26 14 27 16  4 |
| 11 18  7  9 48 46 38 |  3  8 45 20 40  5 13 | 37 30 35 36 19 24 34 | 28  6 43 21 44 15 47 | 32 33 10 31 25 12  1 | 27 14  2 22 26  4 16 | 17 39 42 49 41 29 23 |
| 30 37 19 24 35 36 34 | 27  4 26 14 22 16  2 | 49 29 41 23 39 17 42 | 31  1 32 10 25 12 33 | 20  3 45 13 40  8  5 | 48 18  9  7 38 46 11 | 28 44 21 43 47  6 15 |
|  5 20 40 13  3  8 45 | 47 15 21 43 44  6 28 | 14 16 27  4 22  2 26 | 24 30 37 34 19 36 35 | 49 41 42 17 39 23 29 | 33 32 31 25 10 12  1 |  9  7 38 18 48 11 46 |
+----------------------+----------------------+----------------------+----------------------+----------------------+----------------------+----------------------+
| 14 39  2 41 26 29 23 | 10 11 46  7 31 32 48 | 44 18 38  6  9 47 15 |  3 49 40  8 17  5 42 | 22 21  4 27 28 16 43 | 45 19 35 13 36 30 20 | 33 24 12 25 34 37  1 |
| 49 40 17  3 42  5  8 | 38  6 15 44  9 18 47 | 22 43 21 16 28 27  4 | 35 20 19 36 13 30 45 | 39 26 23 41  2 29 14 | 34 25 33 24 12  1 37 | 48 31 46  7 10 32 11 |
| 20 19 13 35 45 30 36 | 21 16  4 22 28 43 27 | 39 14 26 29  2 41 23 | 33 37 25 12 24  1 34 | 40 42  8  3 17  5 49 | 10  7 48 31 46 11 32 | 47  9 15 44 38 18  6 |
| 37 25 24 33 34  1 12 | 26 29 23 39  2 14 41 | 40 49 42  5 17  3  8 | 48 32  7 46 31 11 10 | 19 45 36 35 13 30 20 | 38 44 47  9 15  6 18 | 27 28  4 22 21 43 16 |
| 32  7 31 48 10 11 46 | 42  5  8 40 17 49  3 | 19 20 45 30 13 35 36 | 47 18 44 15  9  6 38 | 25 34 12 33 24  1 37 | 21 22 27 28  4 16 43 | 41  2 23 39 26 14 29 |
| 18 44  9 47 38  6 15 | 45 30 36 19 13 20 35 | 25 37 34  1 24 33 12 | 27 43 22  4 28 16 21 |  7 10 46 48 31 11 32 | 26 39 41  2 23 29 14 |  3 17  8 40 42 49  5 |
| 43 22 28 27 21 16  4 | 34  1 12 25 24 37 33 |  7 32 10 11 31 48 46 | 41 14 39 23  2 29 26 | 44 38 15 47  9  6 18 | 42 40  3 17  8  5 49 | 35 13 36 19 45 20 30 |
+----------------------+----------------------+----------------------+----------------------+----------------------+----------------------+----------------------+
