+-------------------+-------------------+-------------------+-------------------+-------------------+-------------------+
|  6 34  8 17 36 19 | 14  7 12 23  3 29 |  5  2 31 20 35 26 | 18 30 24 21 10 28 | 16  1 32  9 11 22 | 33 25  4 15 27 13 |
| 25 13 15  4 27 33 |  9  1 22 32 11 16 | 29 14  3 23  7 12 |  8  6 36 34 19 17 |  5 35 20  2 31 26 | 10 30 28 18 24 21 |
| 26 31 35 20  2  5 | 27 15 25  4 13 33 | 19 36 34 17  8  6 |  1 22  9 11 16 32 | 10 18 28 24 21 30 | 29 12 23  7 14  3 |
| 12  3  7 23 14 29 | 24 18 30 28 21 10 | 33 27 13  4 15 25 | 35 26  2 31  5 20 | 19  8 17 36 34  6 | 16 22 32  1  9 11 |
| 30 21 18 28 24 10 |  2 35 26 20 31  5 | 16  9 11 32  1 22 | 15 25 27 13 33  4 | 29  7 23 14  3 12 | 19  6 17  8 36 34 |
| 22 11  1 32  9 16 | 36  8  6 17 34 19 | 10 24 21 28 18 30 |  7 12 14  3 29 23 | 33 15  4 27 13 25 |  5 26 20 35  2 31 |
+-------------------+-------------------+-------------------+-------------------+-------------------+-------------------+
| 33 15 11  9  4 22 | 32 34 16 36  1  6 | 30 23  7 24 21 29 |  3 19 17  8 12 14 | 25 13 27 20 35  5 | 26 10  2 31 28 18 |
|  5 35 13 27 20 25 |  4 11 33  9 15 22 | 12 17  8 14  3 19 | 34 16 32  1  6 36 | 26 31  2 28 18 10 | 30 29 24 21 23  7 |
| 10 18 31  2 28 26 | 20 13  5 27 35 25 |  6 32  1 36 34 16 | 11 33  4 15 22  9 | 30 21 24 23  7 29 | 12 19 14  3 17  8 |
| 16  1 34 36 32  6 | 17  3 19 14  8 12 | 26 28 18  2 31 10 | 21 29 23  7 30 24 | 22 11  9  4 15 33 | 25  5 27 13 20 35 |
| 19  8  3 14 17 12 | 23 21 29 24  7 30 | 25 20 35 27 13  5 | 31 10 28 18 26  2 |  6 34 36 32  1 16 | 22 33  9 11  4 15 |
| 29  7 21 24 23 30 | 28 31 10  2 18 26 | 22  4 15  9 11 33 | 13  5 20 35 25 27 | 12  3 14 17  8 19 |  6 16 36 34 32  1 |
+-------------------+-------------------+-------------------+-------------------+-------------------+-------------------+
|  8 36 17 19  6  3 | 12 23  7 29 14 21 | 13 26  2  5 20 35 | 28 18 30 24 31 10 | 34 32 16 22  9  1 | 11 15 33  4 25 27 |
| 35  2 20  5 26 13 | 25  4 15 33 27 11 |  3  6 36 19 17  8 | 32  1 22  9 34 16 | 31 28 10 30 24 18 | 21  7 29 23 12 14 |
|  1  9 32 16 22 34 |  6 17  8 19 36  3 | 31 30 24 10 28 18 | 23  7 12 14 21 29 | 11  4 33 25 27 15 | 13 35  5 20 26  2 |
|  7 14 23 29 12 21 | 30 28 18 10 24 31 | 11 25 27 33  4 15 | 20 35 26  2 13  5 |  3 17 19  6 36  8 | 34  1 16 32 22  9 |
| 18 24 28 10 30 31 | 26 20 35  5  2 13 | 34 22  9 16 32  1 |  4 15 25 27 11 33 | 21 23 29 12 14  7 |  3  8 19 17  6 36 |
| 15 27  4 33 25 11 | 22 32  1 16  9 34 | 21 12 14 29 23  7 | 17  8  6 36  3 19 | 13 20  5 26  2 35 | 31 18 10 28 30 24 |
+-------------------+-------------------+-------------------+-------------------+-------------------+-------------------+
| 34 32 36  6 16  8 | 19 14  3 12 17  7 | 35 10 28 26  2 31 | 24 21 29 23 18 30 |  1  9 22 33  4 11 | 15 13 25 27  5 20 |
| 13 20 27 25  5 15 | 33  9 11 22  4  1 |  7 19 17 12 14  3 | 36 34 16 32  8  6 | 35  2 26 10 28 31 | 18 21 30 24 29 23 |
| 11  4  9 22 33  1 | 16 36 34  6 32  8 | 18 29 23 30 24 21 | 14  3 19 17  7 12 | 15 27 25  5 20 13 | 35 31 26  2 10 28 |
| 31 28  2 26 10 35 |  5 27 13 25 20 15 |  8 16 32  6 36 34 |  9 11 33  4  1 22 | 18 24 30 29 23 21 |  7  3 12 14 19 17 |
|  3 17 14 12 19  7 | 29 24 21 30 23 18 | 15  5 20 25 27 13 |  2 31 10 28 35 26 |  8 36  6 16 32 34 |  1 11 22  9 33  4 |
| 21 23 24 30 29 18 | 10  2 31 26 28 35 |  1 33  4 22  9 11 | 27 13  5 20 15 25 |  7 14 12 19 17  3 |  8 34  6 36 16 32 |
+-------------------+-------------------+-------------------+-------------------+-------------------+-------------------+
| 24 29 30 18 21 28 | 31 26  2 35 10 20 | 32 11 33  1 22  9 | 25 27 13  5  4 15 | 23 12  7  3 19 14 | 17 36  8  6 34 16 |
|  9 33 22  1 11 32 | 34  6 36  8 16 17 | 28 21 29 18 30 24 | 12 14  3 19 23  7 |  4 25 15 13  5 27 | 20  2 35 26 31 10 |
| 36 16  6  8 34 17 |  3 12 14  7 19 23 | 20 31 10 35 26  2 | 30 24 21 29 28 18 | 32 22  1 11 33  9 |  4 27 15 25 13  5 |
| 14 19 12  7  3 23 | 21 30 24 18 29 28 |  4 13  5 15 25 27 | 26  2 31 10 20 35 | 17  6  8 34 16 36 | 32  9  1 22 11 33 |
| 27  5 25 15 13  4 | 11 22  9  1 33 32 | 23  3 19  7 12 14 |  6 36 34 16 17  8 | 20 26 35 31 10  2 | 28 24 18 30 21 29 |
|  2 10 26 35 31 20 | 13 25 27 15  5  4 | 17 34 16  8  6 36 | 22  9 11 33 32  1 | 28 30 18 21 29 24 | 23 14  7 12  3 19 |
+-------------------+-------------------+-------------------+-------------------+-------------------+-------------------+
| 32 22 16 34  1 36 |  8 19 17  3  6 14 |  2 18 30 31 10 28 | 29 23  7 12 24 21 |  9 33 11 15 25  4 | 27 20 13  5 35 26 |
| 23 12 29 21  7 24 | 18 10 28 31 30  2 |  9 15 25 11 33  4 |  5 20 35 26 27 13 | 14 19  3  8  6 17 | 36 32 34 16  1 22 |
| 17  6 19  3  8 14 |  7 29 23 21 12 24 | 27 35 26 13  5 20 | 10 28 18 30  2 31 | 36 16 34  1 22 32 |  9  4 11 33 15 25 |
| 20 26  5 13 35 27 | 15 33  4 11 25  9 | 14  8  6  3 19 17 | 16 32  1 22 36 34 |  2 10 31 18 30 28 | 24 23 21 29  7 12 |
| 28 30 10 31 18  2 | 35  5 20 13 26 27 | 36  1 22 34 16 32 | 33  4 15 25  9 11 | 24 29 21  7 12 23 | 14 17  3 19  8  6 |
|  4 25 33 11 15  9 |  1 16 32 34 22 36 | 24  7 12 21 29 23 | 19 17  8  6 14  3 | 27  5 13 35 26 20 |  2 28 31 10 18 30 |
+-------------------+-------------------+-------------------+-------------------+-------------------+-------------------+
