+----------------------+----------------------+----------------------+----------------------+----------------------+----------------------+----------------------+
| 39 19 42  4 31 23 33 | 38 10 15 20 45 24 27 |  7  6 17 30  2 28 49 | 12 48 26 13 11 47 22 | 35 14 34 29 41 46 18 | 40  5 43  9 16 32 25 |  1  8  3 44 36 21 37 |
| 32 40  5  9 25 16 43 | 46 14 18 41 29 35 34 |  3 44 21 37  8 36  1 | 24 20 10 27 15 38 45 | 30 28  6 49  2 17  7 | 26 12 48 47 13 22 11 | 39 33 31 23 19  4 42 |
| 45 10 24 38 15 27 20 | 21 36  3  8  1 37 44 | 25 16  9  5 43 40 32 | 30  2 28  6  7 17 49 | 42 19 23 39 33  4 31 | 14 35 41 46 34 29 18 | 22 48 11 13 26 47 12 |
|  1 36 37 21  3 44  8 | 47 26 11 48 22 12 13 | 18 34 46 35 41 14 29 |  5 43 40 16 25  9 32 | 24 10 27 45 20 38 15 | 19 42 33  4 23 39 31 | 49  2  7  6 28 17 30 |
| 49 28 30 17  7  6  2 |  9 40 25 43 32  5 16 | 15 27 38 24 20 10 45 | 42 33 19 23 31  4 39 | 12 26 13 22 48 47 11 | 36 37  8 21 44  1  3 | 29 41 18 34 14 46 35 |
| 29 14 35 46 18 34 41 |  4 19 31 33 39 42 23 | 11 13 47 12 48 26 22 | 37  8 36 44  3 21  1 |  5 40 16 32 43  9 25 | 28 30  2 17  6 49  7 | 45 20 15 27 10 38 24 |
| 22 26 12 47 11 13 48 | 17 28  7  2 49 30  6 | 31 23  4 42 33 19 39 | 35 41 14 34 18 46 29 | 37 36 44  1  8 21  3 | 10 24 20 38 27 45 15 | 32 43 25 16 40  9  5 |
+----------------------+----------------------+----------------------+----------------------+----------------------+----------------------+----------------------+
|  7 29 41 34 35 14 46 | 23 39 42  4 25 33 19 | 12 26 13 48 47 22 15 |  8 21  1 36 37 44 31 | 43 32 40 11  9 16  5 | 49  2 17  6 28  3 30 | 18 38 24 10 45 27 20 |
| 11 32 43 16  5 40  9 | 34 29 35 46  7 41 14 | 37 36 44  8 21  1 31 | 20 38 45 10 24 27 18 |  2 49 28  3 17  6 30 | 22 48 47 13 26 15 12 | 25  4 42 19 39 23 33 |
| 25 39 33 23 42 19  4 | 27 45 24 38 18 20 10 | 30 28  6  2 17 49  3 | 48 47 22 26 12 13 15 | 41 29 14  7 46 34 35 | 32 43  9 16 40 11  5 | 31 21 37 36  1 44  8 |
| 31  1  8 44 37 36 21 | 13 22 12 47 15 48 26 | 35 14 34 41 46 29  7 | 43  9 32 40  5 16 11 | 20 45 10 18 38 27 24 | 39 33  4 23 19 25 42 |  3 17 30 28 49  6  2 |
|  3 49  2  6 30 28 17 | 16 32  5  9 11 43 40 | 24 10 27 20 38 45 18 | 33  4 39 19 42 23 25 | 48 22 26 15 47 13 12 |  1  8 21 44 36 31 37 |  7 46 35 14 29 34 41 |
| 15 22 48 13 12 26 47 |  6 49 30 17  3  2 28 | 42 19 23 33  4 39 25 | 41 46 29 14 35 34  7 |  8  1 36 31 21 44 37 | 45 20 38 27 10 18 24 | 11  9  5 40 32 16 43 |
| 18 45 20 27 24 10 38 | 44  1 37 21 31  8 36 |  5 40 16 43  9 32 11 |  2 17 49 28 30  6  3 | 33 39 19 25  4 23 42 | 29 41 46 34 14  7 35 | 15 47 12 26 22 13 48 |
+----------------------+----------------------+----------------------+----------------------+----------------------+----------------------+----------------------+
| 20 24 13 22 47 15 26 | 49 37 17 28  8  6  3 |  4 25 39 23 19  5 43 | 34 14 30  7 46 29  2 | 44 42 31 33 36  1 21 | 35 27 10 45 18 41 38 | 48 40  9 11 12 32 16 |
| 43  5 23 39  4 25 19 | 45 35 38 10 41 27 18 | 17  3 49  6 28 37  8 | 13 26 24 15 47 22 20 | 34 30  7  2 14 29 46 | 12 16 40 32 11 48  9 | 33 36 21 31 42  1 44 |
| 33 42 44  1 21 31 36 | 22 24 47 26 20 13 15 | 46  7 29 34 14 30  2 | 16 40 12 11  9 32 48 | 27 35 18 41 10 45 38 |  5 23 19 39 25 43  4 |  8 28 17  3 37 49  6 |
| 41 35 27 45 38 18 10 |  1 42 21 36 33 44 31 |  9 11 32 16 40 12 48 |  6 28 37  3 17 49  8 | 23  5 25 43 19 39  4 | 30 34 14 29  7  2 46 | 20 26 47 15 24 22 13 |
|  8 37  6 49 17  3 28 | 32 12  9 40 48 16 11 | 38 18 45 27 10 35 41 | 23 19  5 25  4 39 43 | 13 24 15 20 26 22 47 | 42 44 36  1 31 33 21 |  2 14 46  7 30 29 34 |
| 48 12 16 32  9 11 40 | 29 30 46 14  2 34  7 | 21 31  1 44 36 42 33 | 27 10 35 18 38 45 41 |  6 37  3  8 28 49 17 | 24 13 26 22 15 20 47 | 43 19  4 25  5 39 23 |
|  2 30 34 29 46  7 14 | 39  5  4 19 43 23 25 | 47 15 22 13 26 24 20 | 44 36 42 31 21  1 33 | 16 12 11 48 40 32  9 | 37  6 28 49  3  8 17 | 41 10 38 18 35 45 27 |
+----------------------+----------------------+----------------------+----------------------+----------------------+----------------------+----------------------+
| 40 16 25 43 39  9  5 | 41 34 45 35 14 18 46 | 49 21  8  3 37 44 36 | 15 24 27 38 22 20 10 |  7  6 17 28 30  2 29 | 13 11 12 48 47 26 32 | 19 42  1  4 23 33 31 |
| 14 34 18 41 45 46 35 | 33 23  1 42 19 31  4 | 32 47 48 11 12 13 26 |  3 37 44 21 49  8 36 | 25 16  9 40  5 43 39 |  6  7 30  2 17 28 29 | 10 24 22 38 27 20 15 |
| 10 27 15 20 22 38 24 |  8 44 49 37 36  3 21 | 39  9 43 25  5 16 40 |  7 30  6 17 29  2 28 | 31 23  4 19 42 33  1 | 34 18 35 41 46 14 45 | 26 12 32 47 13 48 11 |
| 19 23 31 33  1  4 42 | 20 27 22 24 10 15 38 | 29 17  2  7 30  6 28 | 11 12 13 47 32 48 26 | 18 34 46 14 35 41 45 | 16 25  5 43  9 40 39 | 36 37 49 21 44  8  3 |
| 28  6  7  2 29 17 30 | 43 16 39  5 40 25  9 | 22 38 20 15 24 27 10 | 31 42 23  4  1 33 19 | 11 13 47 26 12 48 32 | 44  3 37  8 21 36 49 | 14 35 45 46 34 41 18 |
| 36 44  3  8 49 21 37 | 48 13 32 12 26 11 47 | 45 46 41 18 35 34 14 | 25  5 16  9 39 43 40 | 15 27 38 10 24 20 22 | 23 31 42 33  4 19  1 | 28 30 29 17  6  2  7 |
| 26 13 11 48 32 47 12 |  2  6 29 30 28  7 17 |  1  4 33 31 42 23 19 | 18 35 34 46 45 41 14 |  3 44 21 36 37  8 49 | 27 15 24 20 38 10 22 | 40  5 39  9 16 43 25 |
+----------------------+----------------------+----------------------+----------------------+----------------------+----------------------+----------------------+
| 38 20 26 15 13 24 22 |  3  8  6 49 21 28 37 | 23  5 25 19 39 43  9 | 14 29  2 30 34  7 17 | 36 33 42  4  1 31 44 | 41 10 45 18 35 46 27 | 47 32 16 12 48 11 40 |
| 21  8 28  3  6 37 49 | 11 48 16 32 47 40 12 | 27 35 18 10 45 41 46 | 19 39 43  5 23 25  9 | 26 20 24 38 22 15 13 | 33 36  1 31 42  4 44 | 17 29 34 30  2  7 14 |
| 47 48 40 11 16 12 32 |  7  2 34 29 17 14 30 | 44 42 31 36  1 33  4 | 10 45 41 35 27 18 46 | 28  8 37 21 49  3  6 | 20 26 22 15 24 38 13 |  9 39 23  5 43 25 19 |
|  4 33 36 31 44 42  1 | 15 20 13 22 38 26 24 | 34 30  7 14 29  2 17 | 40 32 48 12 16 11 47 | 10 41 35 46 45 18 27 | 43 19 39 25  5  9 23 | 21 49  6 37  8  3 28 |
| 46 41 10 18 27 35 45 | 31 33 44  1  4 36 42 | 16 12 11 40 32 48 47 | 28 49  8 37  6  3 21 | 19 43  5  9 39 25 23 |  2 14 29  7 30 17 34 | 38 22 13 24 20 15 26 |
| 17  2 14  7 34 30 29 | 25 43 23 39  9 19  5 | 13 24 15 26 22 20 38 | 36  1 33 42 44 31  4 | 40 48 12 47 32 11 16 |  8 28 49  3 37 21  6 | 46 45 27 35 41 18 10 |
|  9 43 19 25 23  5 39 | 18 41 27 45 46 10 35 |  6 37  3 28 49  8 21 | 26 22 20 24 13 15 38 | 14  2 30 17 29  7 34 | 48 40 32 11 12 47 16 |  4  1 44 42 33 31 36 |
+----------------------+----------------------+----------------------+----------------------+----------------------+----------------------+----------------------+
|  5 25  4 19 33 39 23 | 10 18 20 27 35 38 45 |  2 49 28 17  6  3 37 | 47 13 15 22 48 26 24 | 46  7 29 30 34 14 41 | 11  9 16 40 32 12 43 | 42 44  8  1 31 36 21 |
| 35 18 38 10 20 45 27 | 36 31  8 44 42 21  1 | 43 32 40  9 16 11 12 | 17  6  3 49  2 28 37 |  4 25 39  5 23 19 33 |  7 46 34 14 29 30 41 | 24 13 48 22 15 26 47 |
| 42 31 21 36  8  1 44 | 26 15 48 13 24 47 22 | 41 29 14 46 34  7 30 |  9 16 11 32 43 40 12 | 38 18 45 35 27 10 20 | 25  4 23 19 39  5 33 | 37  6  2 49  3 28 17 |
| 24 15 47 26 48 22 13 | 28  3  2  6 37 17 49 | 33 39 19  4 23 25  5 | 46 34  7 29 41 14 30 | 21 31  1 42 44 36  8 | 18 38 27 10 45 35 20 | 12 16 43 32 11 40  9 |
| 37  3 17 28  2 49  6 | 40 11 43 16 12  9 32 | 20 45 10 38 27 18 35 |  4 23 25 39 33 19  5 | 47 15 22 24 13 26 48 | 31 21 44 36  1 42  8 | 30 34 41 29  7 14 46 |
| 12 11  9 40 43 32 16 | 14  7 41 34 30 46 29 |  8  1 36 21 44 31 42 | 38 27 18 45 20 10 35 | 17  3 49 37  6 28  2 | 15 47 13 26 22 24 48 |  5 23 33 39 25 19  4 |
| 30  7 46 14 41 29 34 | 19 25 33 23  5  4 39 | 48 22 26 47 13 15 24 | 21 44 31  1  8 36 42 |  9 11 32 12 16 40 43 |  3 17  6 28 49 37  2 | 35 27 20 45 18 10 38 |
+----------------------+----------------------+----------------------+----------------------+----------------------+----------------------+----------------------+
| 27 38 22 24 26 20 15 | 37 21 28  3 44 49  8 | 19 43  5 39 25  9 16 | 29  7 17  2 14 30  6 |  1  4 33 23 31 42 36 | 46 45 18 35 41 34 10 | 13 11 40 48 47 12 32 |
| 13 47 32 12 40 48 11 | 30 17 14  7  6 29  2 | 36 33 42  1 31  4 23 | 45 18 46 41 10 35 34 | 49 21  8 44  3 37 28 | 38 22 15 24 20 27 26 | 16 25 19 43  9  5 39 |
| 23  4  1 42 36 33 31 | 24 38 26 15 27 22 20 | 14  2 30 29  7 17  6 | 32 11 47 48 40 12 13 | 45 46 41 34 18 35 10 |  9 39 25  5 43 16 19 | 44  3 28  8 21 37 49 |
|  6 17 29 30 14  2  7 |  5  9 19 25 16 39 43 | 26 20 24 22 15 38 27 |  1 31  4 33 36 42 23 | 32 47 48 13 11 12 40 | 21 49  3 37  8 44 28 | 34 18 10 41 46 35 45 |
| 44 21 49 37 28  8  3 | 12 47 40 11 13 32 48 | 10 41 35 45 18 46 34 | 39 25  9 43 19  5 16 | 22 38 20 27 15 24 26 |  4  1 31 42 33 23 36 |  6  7 14  2 17 30 29 |
| 34 46 45 35 10 41 18 | 42  4 36 31 23  1 33 | 40 48 12 32 11 47 13 | 49  3 21  8 28 37 44 | 39  9 43 16 25  5 19 | 17 29  7 30  2  6 14 | 27 15 26 20 38 24 22 |
| 16  9 39  5 19 43 25 | 35 46 10 18 34 45 41 | 28  8 37 49  3 21 44 | 22 15 38 20 26 24 27 | 29 17  2  6  7 30 14 | 47 32 11 12 48 13 40 | 23 31 36 33  4 42  1 |
+----------------------+----------------------+----------------------+----------------------+----------------------+----------------------+----------------------+
