experiment: generator (Time: 119.533912 s)
number of tasks: 1
task: 1
puzzle size: 144x144
+-------------------------------------------------+-------------------------------------------------+-------------------------------------------------+-------------------------------------------------+-------------------------------------------------+-------------------------------------------------+-------------------------------------------------+-------------------------------------------------+-------------------------------------------------+-------------------------------------------------+-------------------------------------------------+-------------------------------------------------+
| ___ 136   5 ___ ___  40  68 100 ___ ___  29  69 |  33 ___  13  70 102 128  11 ___ ___  41  37  52 | 144 114 ___ 105 ___ 127  46  18   7 ___  66 137 |  53 ___  74  64  44  30  99 ___ ___  92 143 ___ |  28 ___  95  80 113  72 ___ ___  25  71  59  23 | 140   4  93 ___ 120 ___  60 115 112  88 122  27 |  86 135 ___  42 141  31  87 ___  85  39 132   2 | 125 ___ ___ ___  98 110 142 117  89  12  49  54 |  76 ___  83  47 106  63 131  78  55  81 ___  20 |  19  15 ___ ___  35 ___  67  94  51 121 ___  61 | 108  65 ___  17  43 ___   9 124  38 ___  90 119 | ___ ___ 111 101 ___  14 ___   8  34 ___ ___ ___ |
|  51  15 ___ ___ ___  94   1  19  84 121  67 ___ | 110 ___ 117 ___ ___  58  49 103 ___ ___ ___  22 |  33  13 ___ ___ 128  97  37  70 ___ ___ ___  11 |  86  42 ___ ___  87 135 ___ ___ 132 ___   2  32 | ___   8 111  36  14 109 ___  34 ___  79 ___  91 | 143 130  99  64 ___  92 ___  48  74  53 129 ___ |  90   9  43  38 ___  65 ___ ___ 124 ___ ___  17 |  45 120  88  24  27 140 112 ___ 122 ___ ___ 115 | ___  66 138  18  26 ___ 105   7 114 ___ 137  46 | ___  71 ___  59  25 ___ 118  28  95 ___  80  72 |  16 ___ 123   5 100 ___ ___   3  40  68  29  69 |  83 139 ___  47 ___  76  55 ___  78  20 ___ ___ |
|  41  52  33  11 128  13 102  97 ___  70  50  37 | ___ 100  40  75  68 ___   3  29 123  16  69 136 |  17 ___ ___ ___  65  43 ___ 107 ___   9 108 124 |  34 126 111 ___ ___  79 109  91  36 ___   8 ___ |  60 140 ___ 122 ___  93 ___  88  24 120  27 ___ |  82  23  72  10 ___ ___  28 ___  95 118  80  59 |  78  81  76  55 131 ___  20  96 ___  47 ___  63 | ___  15 ___  35 ___ ___ ___ ___   1  84  61  19 |  32  77 ___  39  31 ___ ___  86  42 135  85  87 |  54 ___  12 ___  58 ___ 103 ___ 142 125  89  49 |  66  26 105 144 127  18 116 ___ 114 138   7  46 | 129  99  74 ___  92 ___ ___ 143  53  44  30 130 |
| ___  22 110 ___  58 117 ___  54  12 125 103  98 |  21 ___  94 121   1 ___  61  67  84  51 ___  15 |   5 ___ ___ 123  57 ___  69  75  29 ___  16   3 |  78  55 ___  47 ___ ___ 139 ___  83 106  63  76 | 104 ___ ___ 129  48  99  64 ___  92 ___  44 ___ |   8 ___ 109 101  79 133 ___  14 111  34 ___ ___ |   7 116 127 114 105  26  46  66 ___ ___ 138 144 | ___  71 118 ___  59  82 ___  28  80  23 ___ 113 |  43 108  56 107  65 ___ ___  90  38   9 124 119 | 115 120   4  27 ___ 140 ___ ___ 112 ___ ___ ___ | ___ 128  73 ___ ___  70  52 ___ ___ 102  50  37 | ___  85  77 ___ ___ ___  42 ___  86  87 ___ 141 |
| ___ 120 ___ ___  24  60 122 115   4  45  88  27 |  82 113  28 ___  80  25  72 ___ ___  95  59 ___ | ___  94   1  84  35  19 ___ ___  67  15  51 ___ |   7 114  66  18  46 116 137 ___ ___ ___ 144 127 |  42   2 ___ 132  32 ___  39  86 ___ ___  87 ___ | ___ 131 ___  47  81 106  55  76  96  78 ___  20 | ___  52  97  13  73 ___  37  41 ___  70 ___  33 | 101 ___  34 133 134   8 ___ 126  36 ___ 109  14 | 100  16  68  75  57   5 123  29 ___ 136 ___ ___ |  48  30 130  44  92 ___ ___ ___  74 ___ 129 ___ | 142  58  12 110  54 125  22  49 117  89 103  98 |  56 ___ 108 ___  65 ___  38 ___  90 ___ ___  62 |
|  74 ___ ___ ___  92 ___ 129  48 130  64  53  44 |   8 ___ 126 ___  36 133 109  34 ___ 111 134  79 |  82  28 ___  23 ___ ___ ___  10 118  71  95  72 | ___  13  41  70  37  52  11  73 102 128  33 ___ |  38  17 108  56 ___ 124 ___  90  65   9 119  62 | 144 105 137  18 116  26 114 ___  66 ___ ___  46 | ___  22  54 117  12  58  98 142  49 125  89 ___ |  47  81  78 106  20  63  96  55  83 ___ ___ ___ |  19 ___ ___ 121  35  21  84  67  94  15  61   6 |  32 135 141  87 ___   2 ___ ___  77  39 132  85 | 112  24 ___ ___ ___  45 120  93  60 122 ___ ___ |  68   3  16 ___ ___ 100  40   5  29  69 136 123 |
|  77 135   2 ___  31  42 132  32 141  39  86  87 |  63 ___  55  47  83 106 139  78 131  96  20  81 |   8 126 ___  91 133 ___ 134 101 ___ ___ 111 ___ | 103 117 ___ 125  98  22  49 ___  89  58 ___  54 |  40   5  16  68 ___   3  75  29  57 ___ ___ 123 |  33 ___ ___ ___ ___ 128  13  97 ___  50 102  37 |  88 120 ___ ___   4  24 ___ 112  93  45 ___ 140 |  18 116 ___  26  46 144  66 114 ___ ___ 137 127 | 113  95  80  10  25  82  23 ___ ___  71 ___ ___ |  43   9  62 119  65  17  90  38 ___ ___ ___ 124 |  74  92 130 143  48  64 ___ ___ ___ 129  53 ___ | ___ ___  51 121  35 ___  94 ___  67   6  15  84 |
| 108   9 ___ 124 ___ ___  56 ___  62 ___  90 ___ | 144 127 ___  18 ___ ___ 137   7 105 ___  46 116 |  63  55  83 ___ ___ ___  20 ___  78 ___  96 139 |  88  60 ___  45 ___ 120 ___   4 ___  24 140 115 |  94  21  51 ___  19 ___ 121  67  35  15 ___  84 | 110  12 ___ ___  22  58 ___  54 142 103 ___  98 |  53  30  48 104 ___  92  44  74  99  64 129 143 |  70  52  50 128  37  33 ___  13 102  73  11  97 |  14 111  36 101 ___   8  91  34 126  79 109 134 | 100 136 123  69  57   5  29 ___  16  75 ___   3 | ___  31 ___   2  32 ___ 135  85  42 ___  86  87 |  80  72 ___ ___  25 113  28  82 118  59 ___ ___ |
|  96  81  63 139 ___ ___  83  76 131  47 ___  20 |   2 ___  42 ___ 132  31 ___  86 ___ ___  87 135 | 143 ___ ___ 130  92  48  44  64  53  30  74 ___ | ___  94  51 121   6  15  61  84   1  35  21 ___ |  13  33  41 ___  97  11 ___  50 128  52  37  73 |   5 123   3  75 136 ___  40 100  16  29  68 ___ | 118 ___ 113  28  23  25  59  95  72  10  80  82 | 107   9  90  65 119  17 108  38  56  62 124 ___ | 115 112 122 ___  24 140   4  88 ___ 120  93 ___ | ___ 116 105 ___  26 ___   7 ___  66 ___ 138 137 | ___ 133  91 ___  14 ___ ___ 109 126  36  34 ___ |  89  49 ___ 125  58 ___ 117 110 103  98  22 ___ |
| 111  79   8 109 133 126  36  14 ___ 101 ___ ___ | 143  48 ___  64 129  92 ___  53 130 ___  44  30 | 140  60 ___   4  24 115 ___  45 ___ 120 112 ___ |  29  40  16 ___  69 ___   3 123  68  57   5 100 | ___ 144  66 138 ___ 137 ___   7  26 ___ ___ 105 |  17 ___ 124 107 ___  65  38  43 108 ___ ___ 119 | ___  15  19 ___ ___  35   6 ___  61 ___   1  21 |  39 ___ ___ ___  87   2  77  42 ___ 141  85  32 |  54 142 ___ 125  58 110  12 ___ ___  22 ___  98 |  76 ___ 131 ___ ___  63 ___  55  96 ___  83 139 |  95  25  23 ___ 113  10 ___  72  28 ___ ___  59 | 102 ___  41  70 128  97  13  33  50  37  52  73 |
|  95  71  82 ___  25 ___  80 113  23  10 118  59 | 140 115  60  45 ___ ___ ___  88   4 ___  27 ___ | ___ 117  89  12 ___  54  98 125 ___  22 ___  49 |  90  38 ___ 107 119   9 ___  62  56 ___ ___  43 | ___  63  96  83  76 139 ___  78 106  81  20 131 |   2 141  85 ___ ___ ___  42  32  77 ___ 132  87 |  29 136 ___  40 123  57  69  16   3 ___  68   5 |  64  30  53  92 ___ ___ ___ 104 129 130 ___ ___ | ___  41 102 ___ 128 ___  73  50  13 ___  11 ___ |  14  79  91 134 133   8  34 126 ___ 101  36 109 | ___  35  84  21  19 121  15  61  94   1 ___ ___ | 138 ___ ___  18  26 127 114 ___ ___  46 ___ ___ |
|  66 116 144 137  26 114 138 127 ___  18   7 ___ |  17 ___  38 107 ___  65 124 ___  62 108 119   9 |   2  42 132 141  31  32  87  39 ___ 135  77 ___ | 118  28  95 ___  59 ___  72  23 ___  25  82 ___ | 117 110 142  89  54  49 ___ 103  58 ___  98  12 | ___ ___ ___ 121  15 ___ ___  19  51  67 ___   6 | ___  79  14 126 ___ 133 134 ___ 109 101 ___   8 |  75 136 ___  57  69   5 ___ ___ ___ ___   3 100 |  48  74 ___  64 ___ 143 130  53 104  30  99  44 | ___ ___  73  37 128 ___ ___  13 ___  70 102 ___ |  96 ___ 131  63  76 ___  81 139  55 ___  78 ___ | 122  93 ___ ___  24 115 ___ ___  88  27 ___ ___ |
+-------------------------------------------------+-------------------------------------------------+-------------------------------------------------+-------------------------------------------------+-------------------------------------------------+-------------------------------------------------+-------------------------------------------------+-------------------------------------------------+-------------------------------------------------+-------------------------------------------------+-------------------------------------------------+-------------------------------------------------+
| 103 112  89 117 ___  98 ___ ___  93  12 ___ ___ |   1  21   6  84  10  15 ___ ___  72 ___  25  95 |  68  69 121  61 136   5  35 123  19  51  29 ___ | ___  20  78 ___ ___  66 ___ 137 ___  81  83  63 |  44 ___  53  39 143 104 ___ ___  30  77  31  85 |  36 139 126  91  96  79 ___ ___  34 ___  47 106 | ___  41 ___  46  11 116 128   7 114 105  70 138 |  23 111 ___  71 133  80 118 ___ ___ ___  28 ___ |  17 ___ ___  62   9  56   3 100 119  16  38  57 | ___  74  99 ___ 120 122  48  27 ___   4  64 ___ |  50  52 ___ 102 ___  73 ___  13 ___ 125  54 ___ | 107  42 ___ 141 135   2  87 132  43  65 108 124 |
|  88  74 122 ___ 120  27 ___ 140  99 ___  48  92 | ___  82 ___  23 101  71  28 ___ 109 118 ___ ___ | ___   6  10 ___  15  21  25  84 ___  95 ___  94 |  97  46   7 105 128  41 114 ___ ___ ___ 138 144 |  87 132  86 ___ ___  42 ___  43 135 ___  65 124 |  83 137  55 131 ___  81  20 ___  78 127 ___  26 | ___ 142 ___ ___ ___ ___  58  50 ___  73 125 102 |  91 ___ ___  79 ___  36  34 134 ___ 139 ___   8 |   5  29 121 123 136  68  61  19  69 ___  40  35 | 143  77  85  31  30 129  32  44  53 ___  39 ___ | 103 ___  93  89 110 ___ 112 117 ___  45 115  24 | ___ ___  90  62   9 ___ 119 ___ 100  57 ___   3 |
|  86 108 ___  42 135  87 ___   2 ___ 141  43  65 |  83  63 ___ ___  18 ___ ___ 127 137 ___ ___ ___ |  36 134  47 139 ___   8 ___ ___  76  96 ___ 126 | 115  98 103 ___  24 ___ ___  93  45  22  89 110 |  69 ___  29 ___ ___  40 123  19 ___ ___  35  61 | 102  49  13 ___ ___  52 ___  33  50  54 125  58 |  48  74 ___  27  99 ___  92 ___  60   4  64 ___ | ___ ___  97 116 128 138 ___  46 ___  11 114 ___ | ___ ___ 101 ___  71  80 109  14  59 ___  28 133 | ___  16   3  57   9  56 100 119  90  62  75  38 | ___  30 ___ 129 143 130 ___ ___  44  39  32  31 |  10  94  67 ___  15 ___   6   1 ___  25  95  72 |
| ___  77 129 ___ ___  44  39 ___  85 130  32  31 |  36   8 134 ___  47  79 126  76 139  34 106  96 |  80  59 101 109  71 ___ 133  23  14 111 118  28 | ___ ___  50 ___  58 ___  13  49 125  52 102  33 | 119  56 ___ ___ ___ ___ ___ 100 ___  16  57   3 | 138  11 114 ___  41 116  46 ___   7 ___  70 128 | 115 112 110  98  93  22  24 103 117  12  45  89 | 131  66 127  81  26  83  78  20  18 137 ___  63 |  21  67 ___  84  15   1  72 ___   6 ___ ___ ___ |   2 ___ ___ ___ ___ ___  43  87 ___ 141 107 ___ |  88 ___  99 122 ___   4  74 ___  27  64 ___ ___ | ___  40  29 123 136   5  69  68  19  35  51 ___ |
|  29 ___  68  40 ___  69 121   5  61 123  19  35 | ___ ___  37 ___ 125 ___  13 ___  49 ___  58 142 | 138  46  70  11 116 144 ___ ___  97  41   7 114 |  32  44  53 ___  31  77 ___  85 ___  30 129 143 |  59  80 118 101  82  28 ___  14  71 111 133 109 | ___  99  60   4  74 ___ ___ 140 ___  48  64  92 | ___ 108   2  87 124 135  65  86 ___ ___ 107 132 |  12 ___ 115  22 ___  89 103  98  45 ___ 117 110 |  63  78  18 ___  81  83 137 127  20  66  55 ___ |  21 ___  72  25 ___ ___ 113 ___ ___  84  10  94 |  90   9   3  56 ___ ___  16  38 ___  75 100  57 |  47 126  34  91  79   8 ___  36  76 106  96 139 |
|  67  95   1  94  15   6 ___ ___  72 ___ 113  25 |  89 ___  98 ___ ___ ___ ___ 115 ___ 103  24 ___ | ___ ___ 125  49  52  33  58 ___ ___ 142  50  13 | ___ ___  86 141  65 108  42 ___ 107 135 132   2 | 134 ___  34  47 ___ 126  91 ___ ___  96 106 139 | ___ ___ ___ 130  77  30  44 143  53  32  39 ___ | 100 ___  17 119   3   9 ___ ___  38  62  75  56 | ___ ___  48 120  92 122  88  27  64 ___  60 140 | ___   7  70 105 116 138  11  97  46 ___ 114 128 | ___ 111 ___ 133  71 ___  14  59 118  23 101 ___ |  29 ___  61  68   5 123 ___  40  69 ___ ___ ___ |  18  55 ___ 131 ___  63  20  83 127  26  66 ___ |
|  50 142 ___  13 ___ ___ ___  33  49 ___  54  58 |  68   5  69 ___ ___ 136  40  19  61  29 ___  51 |  56 119  75   3   9  17  57  62 ___  16  90  38 |  76 134 ___ ___ 106 ___ 126 139  47 ___  36   8 |  27 ___ ___  64 ___ ___ ___ ___ ___ ___  92  99 | ___ ___  28 ___ ___  71 ___ ___ 118  14 101 133 | 127  66  63 ___ 137  81  26  78  55 131  18  83 |  84  95 113 ___  25   1  67   6 ___  72  94  21 |   2 ___ ___ ___ 135 132 124 ___ ___ ___ ___  65 | 110 ___  93 ___  22 ___ 115  98 103  12  45 117 |   7 116 ___ ___ 144 105 ___ 114 ___ ___  97 128 | ___ 104  53 130  30 143  44 129 ___  31  77  85 |
|  90  16 ___  38   9 119  75  17   3  62 100  57 | 138 ___  46 105  70 ___ 114  97  11   7 128 ___ |  83  20  18 137 ___  63  26 131 127  66 ___ ___ |  48  27  88   4  92  74  60  99  64 120 122 140 |   6 ___ ___ ___  21  94 ___ 113  15 ___ ___  72 | ___  93 ___  12 112 ___  98 ___ 103 ___  45 ___ |  32  77 143  44 ___ ___  31  53 104 130  39 129 |  73 142 ___ ___  58 102  50  37 125  49  13 ___ |   8  34  47  91  79  36 ___  76 ___ ___ ___ ___ | ___  51 ___ ___ 136 ___  19 ___  29 123 ___  40 |  86 ___ ___ ___   2 ___ ___ ___  87 107 ___ ___ | 101 ___ 118  23 ___  82  59  80 ___ ___ ___ 109 |
| ___  96 ___ 126  79 134  47   8 139 ___ ___ ___ | 129 143 ___ 130 ___  30 ___ ___  85  53 ___  77 | 122 ___ ___  99 120 140  92   4  48 ___  88  60 |  19  69  29 ___  35 ___  40  61 121 136  68   5 |  46 138 ___  70 144 ___ 105 ___ 116 ___ 128  11 |  56   3  38  62 ___   9 119 ___  90 ___ ___  57 | 113 ___  21 ___  72  15 ___  67  94 ___  10 ___ | 141 108  43 ___  65 132  86  87 107 124  42   2 | 110 ___  45  12 ___  89 ___ 115 ___ 112 ___  24 |  63  66 137  26  81  83 127 ___ ___ ___ ___ ___ | 118 ___ 109 ___  82 ___ 111 ___  59 101 ___ ___ | ___  13  50  73  52  33  37 102  54 ___ 142  49 |
| ___  41 138 114 116 ___ ___ ___  11 105  97 128 |  56  17 119  62  75   9 ___ ___   3  90  57  16 | 132  87 107 124 135   2  65 ___  43 ___  86  42 |  14  59 ___  23 133 111 ___ 109 ___  71 ___  82 |  98  89 103  45 110 117  12 115  22 112  24  93 | ___ ___  94  84 ___ ___   6 ___  67 113  10  25 |  76  96   8 134 ___  79 106 ___ 126 ___  47  36 | ___ ___  19 ___ ___ ___  29  69 121  61 ___   5 | ___  53 ___ 130 ___ 129  85 ___  44 ___ 104  31 |  33 ___  49  58  52 102 ___  37 ___ ___ 125  13 |  78 ___ 137 ___  63 131 ___  55 ___  18 ___ ___ | ___ ___  88 ___ 120 ___ ___ ___ ___ ___  74  99 |
| 118 111 ___  28  71  59 101  82 109  23  14 133 | 122 140  27   4 ___ 120  60 ___ ___  88 ___  74 |  89  98  45  93  22 ___  24  12 115 112 103 117 | ___ 119  90 ___  57  16  38   3  75   9  56 ___ |  20  83  78  18 ___ ___ 131 ___  81 ___  26 137 | 132 ___  42 141 108 135 ___   2  86 ___ 107  65 |  19 ___ ___ ___  61 136 ___  29  40 123 121 ___ | 130 ___ ___  30 ___ 129  53  44  39  85 104 143 | ___  50 125  73  52 ___ ___  54  37 142  13 ___ |   8 ___ 139 ___  79  36 ___ 134  34 ___  47 126 |  67  15  72   1  21 ___ ___  94   6  10 113  25 |  70 ___   7 ___ 116 ___  46 138  97 128  41 ___ |
|  78  66 ___  55  81  20  18  63 137 131 127  26 | 132   2  87 141 107 ___  42  43 124 ___  65 108 | 129  44  39  85 ___ 143  31 ___  32  77  53 ___ | 113   6 ___  84  25  95  94  72  10 ___   1 ___ |  37 102 ___ ___  33  13  73 ___  52 142  58  49 |  68  61 ___ 123  51 136  69   5  29  19 ___  35 |  14 111  82  59 109  71 133 ___  28 ___ ___ ___ | ___  16 100   9  57 ___ ___ 119  75   3  38  17 | 140  88  64   4 120 ___  99  48  27  74  60  92 | 144 ___  11 128 116 138  97  46   7 ___  70 114 |  34  79 139  36   8  91  96 126 134  47 ___ ___ | ___ 117 103 ___  22 110  98 ___ 115 ___ ___ ___ |
+-------------------------------------------------+-------------------------------------------------+-------------------------------------------------+-------------------------------------------------+-------------------------------------------------+-------------------------------------------------+-------------------------------------------------+-------------------------------------------------+-------------------------------------------------+-------------------------------------------------+-------------------------------------------------+-------------------------------------------------+
|  48  53 ___  27  74 ___ 130 122 104  99 143  30 | 101  80 133 109 ___ 111 ___   8 126  14  79  34 |  10  25  23  28  95 ___  71  72  82 118 113   6 |  33 ___  97  11 ___  50 ___  13  73 ___  70 138 | ___ 107 ___ ___ ___  87 124  17 108 ___ ___ ___ | ___ ___  20 137   7  66  26  83 127 144 105 116 | 110 103 102 ___ ___ 142  22  54  37  49 ___ 125 | 139  78  63  96  81 ___  76 106 131  55 134  36 | ___  19 ___ ___  51 121  94  21  35 ___  69  15 | ___  86  42 135  77  39   2 ___ ___  85 141  44 | ___ 112 ___  45  89  93  88  98  24   4 ___ 120 | 123 119 100   3  16  56  57 ___   5 136  29 ___ |
| ___ ___  39  44  77 ___ ___ 129 ___ ___   2 135 |  47  36 106 139 131 ___ 134 ___ ___  76  81 ___ | 101 133  91 126 111  80  79 109   8 ___  14  59 | 110 ___  54  49 ___ ___ ___ 117  12 ___ 125 102 |  57  75 100 123 ___ 119   3   5  16  29 136  40 | ___  13 ___  11  50  41 128 138 ___ ___  73 ___ | 140  88  89  24  60 112 120 115  98  93   4  45 | 137 ___ 144 ___ 116  18 127 ___ ___ 114  20 ___ | ___ ___ ___  72 ___  10  28 ___ ___ ___   6  71 | 132  90 ___   9 108 107  17  65 ___ 124  62  87 | ___  74 104  64 122 ___ ___ ___  92 130 143  30 |  84 ___ ___  61 ___ ___  35 ___  21  15  67 ___ |
|  43  90 107  87 108 ___  62 132  38 124 ___   9 | ___  83 ___ 137 105  66  20 144 114 127 116   7 |  47 106 ___  55  96  36  81 139 ___  78  76 134 | 140 ___ 115  93 120 ___  98  60   4 ___ ___ ___ |  35 121  19  84 ___  69  61  21 ___ ___  15  94 | ___ 117  37 ___ 103 142  58 ___  54 ___  12  22 | 143  53 122 ___ ___  74 ___  48 ___ ___ ___  64 |  11  50 ___  41  52 ___ ___ ___  73  13 ___ ___ |  80 ___  91 109 111 ___ 126   8 ___ ___  59  79 | ___  29  40 ___  16  75 ___  57 100   3 123 119 |  32  77 ___  39 129  85  86  44 ___ ___   2 ___ |  23   6 113  72  95   1  25  10  82  71 118  28 |
| ___ 103 125 ___ 142  58  12 102 117  49 110  22 | 121  68 ___ ___ ___ ___ ___  21 ___ ___  15  67 |  75  57 ___  40  16  56 136   3   5 ___ ___ 119 |  63 106  76 ___  81  78 134  55 131  96  47  36 |  92  64 ___ ___ 122  27 ___ 143 ___  53  30 ___ | ___ 126 ___ 109  34 111 133 ___ ___ ___  91 ___ | 144 ___  83  26 114  66 116 127  20 137 105  18 |  72 ___  82  95  71  10 113  25  23  28   6   1 | 132  43  62 124 108 107  38  17  65  90  87   9 |  89 ___  60 120 ___ ___ 140  24 115  93   4  98 |  97 ___  13  70 138  11  50 ___ 128  73  33  52 | ___ ___  32  85 ___ ___  31 ___   2 135 ___  42 |
|  19 ___ 121 ___  51  35  84 ___  94  61  21 ___ | ___ ___  58 ___ ___ ___  37 ___ ___ ___  22 103 |  70 128  73  13  41 138  52  11  33 ___ ___  46 | ___ ___  32  85 135  86  44  42 ___ ___  39 129 | 133 101 ___  91  80 ___ 109   8 ___  34  79 126 | ___ 104  27 ___ ___  74 ___ 122  48 143 130  30 |  17  90 132  65 ___ 108 ___ ___  87 124 ___ ___ | ___  88 140 ___ ___  45 115  24   4 ___ ___  89 |  83 127 ___ 137  66  18 114 ___  26 ___  20 116 |   1 118  28  71  95  10 ___  25 ___ ___  23 ___ | 100  16  40  75 ___   3 ___ 119  57 123 ___ ___ | 131 ___ ___ ___  96  36 106  47  63  81 ___  55 |
| ___ ___  75 119 ___  57 123 ___ ___ ___ ___ 136 | ___ 138 128 ___  73 ___  46  33 ___  97  52  50 | ___ ___ 105 114  66  83 116 137 144   7 127  20 | 143  92  48 ___  30  53  27 104 130  74  64 122 |  25  10 113  23   1   6  72 ___ ___ 118  71 ___ |  45  60  98  93  88 112  24 ___ 115 140   4 ___ | ___  86 129  31  42  77 ___  32  44  85 141  39 |  49 103 ___ 142  22 125  54  58  12 117  37 102 |  36  76 131 ___  96  47  55  63 ___ ___ 134  81 | ___  67 ___  15 ___ 121  21  35  19 ___  84  69 |  43 108  38 107 132 124  90  87  65  62 ___   9 |  91  59 ___ 109 111  80 133 ___ ___  79  34 126 |
| 127 ___ ___  20 ___  26 105 ___ 114 137 144 116 | 107 132 ___ ___  62 108  87  17 ___  43 ___  90 | ___ ___ ___  42 ___ ___ 135 ___ ___ ___  32  44 |  82  25 ___ ___ ___ ___ ___ ___ ___  95 ___   1 |  58 125 ___  12 ___  37  49 110 142 103  22 117 | 121  94  69  61  67  51  35  68  19  21  84  15 | ___ ___  80 133 126 111  79 ___  59 109 ___ ___ |   3 ___ ___  16 136 ___ 100  57 123  40 119  56 | 122  48 ___ ___  74  64 ___ 143 ___ ___  27  30 | 138  50  13 ___  41  70  33 128  97  11  73 ___ | ___  96  55  47  36 139 ___ 134 106 131 ___  81 |   4  98 ___ ___ ___  89  24  45 140 120  88  60 |
|  97  50  70 ___  41 128  73 ___  13  11  33 ___ | ___  56  57   3 123  16 ___   5  40 100 ___  29 | 107 ___  62 ___ 108 132   9 124  17  90 ___  87 |   8 133  14 109  79  34  59 126  91 111 101  80 | ___ ___ 115   4  89  98 ___ 140 112  88 ___  60 | ___ ___   6  72 118  95 ___   1 ___ ___ ___  71 |  63 ___  36 ___  55  96  81  76 ___ 139 131  47 |  61  67 ___ ___ ___ ___  19  35  84  94  69  68 | 129 ___ ___  85  77  39  42 ___  31  86 ___ 135 | ___ ___ 117 ___ ___ ___ 110  58 ___  49 ___ ___ | ___  66 114  18  83 137   7  20  26 105 144 116 | ___  27 ___  99 ___ ___  92  64 143  30  53 ___ |
|  14  34 ___  59 ___ 133  91  80 ___ ___   8 ___ |  64 122 ___ ___ 130  74  27 143 ___  48 ___  53 | ___ ___   4  60 112  89 120  93 140  88 ___  98 |   5  57 100   3 136 ___ 119  40 ___  16 ___  56 |  26  18 127 105  83  20 137 144  66 ___ 116 ___ | 107  38  87 124 ___ 108  65 132  43 ___  62   9 |  21  67  68 ___  94 ___  15  19  69  61  84 ___ |  85  86   2 ___ 135 ___  32  31 141  42  44 129 | ___  54  12  49 142 125 117 110 ___ 103  37  22 |  36  78  55  81 ___  47 ___ 106  76 139 ___ ___ | ___  95  28  10 ___ ___ ___   6  25  23  82  71 |  73  46 ___ ___ ___ ___ 128 ___ ___  52 ___ ___ |
|  76  78  47 134  96 106 ___ ___  55 ___  63  81 | ___ ___ ___ ___ ___  77 ___   2  42  32 ___ ___ | ___  92 130 104 ___ ___  30 ___ ___  53  48 ___ |  21  35 ___  61  15  67  69  94  84  51 121  68 | ___ ___ ___  73 138  46  11  33  41 ___  52 ___ |  75  40 ___   3 ___  16 ___  56 100   5 ___ 136 | ___ ___ ___  25  28  95 ___ 113   6 ___ ___ ___ | ___  90  17 108   9 107  43 ___  62  38  87 132 |  89 115   4 ___ ___  45 ___ 140  24  88  98 ___ |  83   7 114 116  66  18 144 ___ 127 ___ 105 ___ |  14 ___ 126 101  80 109 ___ ___ 133  91   8 ___ | ___ ___  54 ___ 142 ___  58 125 110 ___ ___ 117 |
| 113 118  10 ___  95  25  23 ___  28 ___  82  71 | ___  89  24  93 ___ 112  98 ___ ___ 115 120  88 | 125  58 ___ ___ ___ 102 ___ ___ ___ 103  54  37 |  17  65 ___ 124   9 ___  87  38  62 108 107 132 | ___  47  76 ___  36 134 139 ___  96  78  81 ___ |  39 ___  44  85 ___  77  31 129  32   2 141 135 |   5  29  56  57  40  16 ___ 100 119   3 123  75 | ___  53 143  74 ___  64  48  92 130 ___ ___ 122 | ___  97  73 ___ ___ ___  13  33 128  50 ___  52 |  80 ___ 126  79 111 ___   8 ___  14 109  91  59 |  19 ___  94 121 ___ ___  67  69  35  84 ___ ___ | 105 ___ 127 ___  66  83 ___  18 144 116   7 ___ |
| 115 ___  45  98 112 ___   4 ___  60  93 140 120 |  10   1  25  72  23  95 ___  82  28 ___  71 ___ | ___  35 ___  94  51  68  15  61  21  67  19  69 | 144  26 127 ___ ___   7  20 ___ ___ ___ ___  83 |  31  39 ___ 141 129 ___  85   2  77 ___ 135  42 |  47  55 ___ 139  78  96 ___  36 ___  63 131  81 |  33  50 ___ 128  13  41  52 ___ ___  11 ___  70 | ___ ___ ___ 111  79 101  14 133  91 126  59  80 | ___ 100 123   3  16 ___  40   5 ___  29 119 ___ | 122 ___ 104  30  74  64 ___  92  48  99 130 ___ | ___ ___ ___ 125 ___  49 ___ ___  58 ___ 110  22 |  62  87 ___ 124 108 132 ___ 107  17   9  90  38 |
+-------------------------------------------------+-------------------------------------------------+-------------------------------------------------+-------------------------------------------------+-------------------------------------------------+-------------------------------------------------+-------------------------------------------------+-------------------------------------------------+-------------------------------------------------+-------------------------------------------------+-------------------------------------------------+-------------------------------------------------+
| 120  92 ___   4 ___  99 143 ___  64 ___  74 104 |  14 118 109  80   8  59  23 ___ ___ ___ ___ ___ | 113  72  82  10   6 ___  28   1  95 ___  15  84 |  41  11 ___ 138  13 ___ ___  70 ___  46 ___ ___ | 124  43 135 ___ ___ ___ 132 108 ___  65 ___ ___ | 127 ___ 131  83 ___  20 137 ___  81  66 144 114 | 142  58  50 ___ 125  37 ___  52 ___ 102 ___ ___ |  36 106 ___ 134  55  76  79 139  63 ___  91  34 |  29 136  21 ___  69 ___ 121 ___  61  35 123  94 | ___  31 ___  42  44 ___ ___  85 ___ 129   2 130 |  22 ___  45 115 103 ___  24  12 ___ ___ 112  60 |   5 ___   9  56 119 ___ ___ ___  16  40  57  75 |
| ___  65 ___ 141  87 ___  17  86 ___ ___ ___  38 | ___ ___ 137  83 144  20 131  66 ___  81 114 ___ |  76 139  63  47 ___  34 ___ ___ ___ ___  79  91 | ___  93  22  89 ___  24  12  45 ___  98 ___ ___ |  61 ___ 136  21  29 123  68  51  69  35  94 ___ | ___ 125  73 ___  58 ___  49 ___  52 142 110 117 |  74  92  88 ___ ___  27 104 120   4 ___ 143  48 | ___ 128 ___  46  13 ___ 116  11  33 ___ 105   7 | ___  71   8 ___ ___  14 101 ___ 109 133  23 126 |  90 ___  75  40 ___ 100 ___   3 ___  56   5  62 |  30  44  39 ___  53 129  31 130  85   2  77 ___ |  82  84  15 ___ ___ ___  72 ___  95  28 ___  10 |
| 116 128  97 105  46  11 ___ ___  70 138  41  13 | 100  90   3  56   5 119  62  16 ___   9  40  57 |  43 124  17 107 ___ ___  38 132 ___  65 135 141 | 111 109  71 ___ 126 ___  23 101 ___  59  14 118 |  93 ___  22 ___ ___  12  89 112 ___  24  60 ___ | 113  10 ___ ___ ___   6  72  67  15  95  82  28 |  96 106 ___ 139  47 134  55  79  91 ___  63 ___ |  68  35 ___ ___  94  19 136  61  21 121 123 ___ |  53  30   2 ___ ___  32  39 ___ ___ ___ ___ ___ | ___ ___ 125 ___ ___ ___ ___ ___  52 ___ 110 ___ |  81  20  18 127  78 ___  26 131 137 144  66 114 | ___ ___ 120 122  27  88  99  48  74 104  92  64 |
|  79 ___ ___  91 134 ___  63 ___  47 ___  96 ___ |  32 ___  85 129   2  44 ___ ___ ___  30  42  31 |  48  99 ___  64 ___  88 104 ___ ___  92 120   4 |  51  61 136  68  94 ___ 123 121  21  69  19 ___ |  11  97 116  33   7 105 138  41  46 ___  13  70 | 100  75  62  56  57 119 ___  90   9  16   5 ___ |  95  25  67  72 ___   6  28 ___ ___ ___  82 113 | ___  65 108  87 ___  43 135 124  17 ___ 141  86 | 103  22 140 ___  98 ___ ___ 112  93  24  12 ___ |  78  26  18 114  20 ___  66 ___  81  83 ___ 131 | ___ ___ ___  14 118  80 133 ___ 109 ___ 111 126 | 110  73 ___ 102  37 ___ ___ ___ ___ 117 ___ 125 |
|  22  24 115  12  98 ___ 140 103  45 ___ 112  60 | 113 ___ ___ ___ ___   6  84  95  10  15  28  25 |  19  61  21 121  69  29  94  68  51  35 136 ___ |  66 ___  81  83 ___  26 ___  18 144  20 127  78 |  85  32 ___ ___  53 130 129 ___ ___  31 ___  39 | ___  47  91  36 106 134 ___  34  79  96 ___  55 |  41 128 ___  11 ___  46  13 116 ___ 138  33  97 |  80 133 111  59 126  14  71 109   8 ___ ___ ___ | ___   9   5  56 119 100  75  16   3  57  62  40 |  88  92  64 104  27  48  74 ___ 120 ___ 143   4 |  52  37 125  54 ___ 102  58 ___  49 ___ 142 ___ |  17 141 ___ 132  87  86 ___  43 108  38 ___ 107 |
|  52 ___  54 ___  37  49 110  50 125 ___ 142 117 | ___ ___  61  68  21 ___ ___  51 ___ 136 ___  35 | 100   3 ___ ___ 119  90 ___  56  16 ___   9  62 |  96 139  79  36  55 106 ___ ___ ___ ___  76  34 | ___ ___ 120 143  88   4 ___  74  27  92 104  64 |  14 101 ___  80 133  59 109 118  71 ___ ___ 126 | ___  26  78 ___  18  20 114  81 131  83 ___ 127 |   1 ___ ___   6  28 ___  15  72  82  10  84  67 |  86 135  17 ___  87 ___ ___ ___ 124  65 ___  38 | 103 ___  45  60  98 115 ___ ___  22  89 ___  12 | 116 ___  70  97   7 ___ ___ 105  11  33  41 ___ | ___ 130  30 129  44  53  85 ___  77  42  31  39 |
| 136  35 ___ 123  69  61  21 ___ 121  68  51  94 |  54  50  49 102 ___  37 ___ 142 125  52 117  58 | ___ ___  33  70  46   7  13 138 ___ 128 116 105 | ___  85 ___ ___  42  31 130  39 ___ ___ ___  53 | 109 ___  71   8 118  23  80 111  59 133 ___ 101 |  48  64 ___ 122  92  27  99  88 120 ___ 143 104 | 108  65  86 124 ___ ___  38 135 141 132  17  43 |  89  24 112  98  60 ___  22  93 140  45 ___ 103 |  78  81 ___  83  20 127 ___  66 137  26 131 ___ | ___ ___ ___  28   6 ___  95  72 ___   1  82  84 |   9 119 ___ 100  90 ___ ___  62   3   5 ___  40 |  63 ___  79  36 134  34 139  76 ___ ___ ___  47 |
|  30  31  32 ___ ___  85   2  53  39 129  77  42 |  76  34 139  36  63 134  91  96  47  79  55 106 |  14 ___   8 101  59 118 126 ___ ___ 133  71 ___ | 142 ___ ___ 102 117  58  73 125 110  37  54  50 |   3 100   9   5  90  62 ___ ___ 119  57  40  75 |  97  70 105 138 128  46  11   7 116  41  33  13 | 112  24 103  93  45  98  60  22  12  89 ___ ___ |  83 ___ ___  20 114 127  81 ___ 144 ___ ___  78 |  67  15  82   1   6 ___  10  95  72  25  84 ___ | ___ ___ ___ ___  87  43 108 124 135 ___  17 ___ | 120  27  64  48 ___ 122 ___   4  99 ___  74 104 | ___ 123 136  68 ___  29 ___  19 ___ ___ ___ ___ |
| ___  25 113  84 ___  72  82  67  10   1  95 ___ | ___ 103 ___  89 140  98  12 ___ ___  22  60  24 |  54  49 110 125  37 ___ 117 ___ ___  58  52  73 | 108 ___ 135 132  38  65 141 ___  17 ___  43 ___ | 139 ___ ___  63  34  91 ___  96 134 106  55 ___ |  32  39 ___ 129  31  44  85  53  30  77 ___  42 | ___ ___  90 ___  75 ___  40   9  62  56   5 100 | 122  92 ___  27 104  48 120  99 143  64   4  88 |   7 116 ___ 138  46  97  70  41  11 ___ 105  13 | 118 133 101 ___  59  14 111 109  71  80   8  23 | 136  69 121  19 ___  68  35 ___  61  21  51  94 | 144 131 ___  83 ___  78 137 127  66 ___  26 ___ |
|  81  26 127 131  20 137 ___  78  18  83  66 ___ | ___ ___ ___ 132  17  87 141 ___ 107 ___ ___  65 |  32  85   2  39  44  53  42 129  77  31  30 ___ | ___ ___  15   1  28  25  84  10  82   6 113  67 |  49  54  52 110 ___ ___ 102 142 ___  58 117 125 | ___ 121 ___  68  35  69  61  29 136  51  21  94 | 111 133 ___ 109 ___  59 ___ ___  23  80 ___  14 |  56  57  16 ___  40 100   9   3 ___  75 ___  90 | ___ 120 143 ___ ___ ___  64 ___  99 ___ ___ ___ |   7 128 ___  13  46  97 ___  11 116 138  33 105 |  79 134  47 ___  34  36 106  91 ___ ___ ___  55 | 140 ___ ___  89  98 ___  93 ___ 112  60  24  45 |
|  71 133 ___  23  59 109   8 118 ___  80 111 126 | ___  88 ___ ___ 143  27   4  74 ___ 120 104  92 | ___ ___ ___  45 ___ ___ ___  89 112  24  22  12 |  16   3   9 ___  40 ___  62 ___   5 119 100  90 | 137 127 ___ ___  78 131  83 ___  20  26 114  18 |  43 ___ 141 132  65  87 124 ___ 135 ___  17  38 |  51 ___  29 ___ 121  69  94 ___ 123  68  21  19 | 129  31  77  44 ___  32  30  85 ___  39 ___ ___ | ___ ___ 110 102  37 ___ 125 142  49  58  73 ___ |  34 ___  47  55 134  76 ___ 139  79  36  63  91 |  15 ___  10 ___  67   1  25  84  72  82  95 ___ |  33 ___ 116 ___  46   7  11  97 ___  13 128  70 |
|   9  57 100  62 119   3   5 ___  75  56  16 ___ |  97 ___  11 ___  33  46 105  41  70 ___ ___ 128 | ___ ___ 144 ___  20  78 114  83  66 ___ ___ 131 |  74 ___ 120 122 ___ ___   4 ___ ___ ___  48  88 |  72 113  15  82  67  84 ___ ___ ___  25 ___ ___ | 115 ___ ___  89  24  98  93 103  22 112 140  60 | ___  31  53  85  39  44  42 ___ ___ ___   2 ___ | ___  58 142  37 117  54  52  49 110 ___ ___  50 |  34 ___  63  36 134  76 ___  96 ___ 106  91  55 |  29 ___ ___ ___  69  19  51 ___ 136 ___  21 123 | 135 ___ 107 ___ ___ ___ ___ 141 124 ___ 108  38 |   8  23 ___  80  59 118 109  14 111 126 ___ 101 |
+-------------------------------------------------+-------------------------------------------------+-------------------------------------------------+-------------------------------------------------+-------------------------------------------------+-------------------------------------------------+-------------------------------------------------+-------------------------------------------------+-------------------------------------------------+-------------------------------------------------+-------------------------------------------------+-------------------------------------------------+
|  47  83  55  96 ___  78  20 139  81 106 131 ___ |  42  85  86  31  87   2  77 141 135  39  43 132 | 104 ___ ___  30 143 ___  32  92 ___ 129 ___  74 |  84  67 121  35 113   1  51 ___   6  21  94  61 |  50  13 ___  37  11 ___ ___ ___  33 102 ___ ___ |  40 136 ___ ___  68   5  29 ___  75 123  69  19 |  23  80 ___ 118  71 ___  14  10 ___ ___ ___ ___ |  65  56  62  17 ___  38 107  90 119   9 108 124 |  93 ___ ___  24 140  60 120   4  88 122 112 ___ | 137 ___ 116 ___ 144 ___ ___   7 ___ ___ ___  66 | ___   8 ___ ___ 109 133 ___ 111  34 134  91  76 |  98 142 125  58 110  49 103 117  12 ___  89  22 |
|  64 129 ___ ___ 143  53 ___  99 ___  92 130  32 | ___ 109  34 133 134   8 111  91 ___ 101  76  36 | ___ 118 ___  71 ___  72 ___  25  23  80  10  95 |  73  50  70 128  54 102  41  52 ___ ___  13  11 |  90 ___ 107 119 124 ___ ___  62 ___  56 100 ___ | 114 116  66 ___ 138 144   7 137 ___ ___  46 ___ | ___  89 ___ 103 ___ 110 115 ___ 142  58  98 117 | 106 ___ 131 ___ ___  55  47  78  20  81  96 139 | ___ 121   6  35  21  94  15  84  67   1  51 113 |  85 132 135  43   2  42 141 ___ ___  31  87  77 | ___ 140 120 ___  93  24 122 112  88 ___   4  48 | ___ ___  75  57 ___   3  29  40 ___  19  68 136 |
| ___ 132 ___  77 ___  86  87  85 135  31 141  43 |  55 139  78 ___  20  63  96 131  81 ___ ___  83 | 126  34 134  79 ___ 109  76 ___  91 ___ 101 111 |  12 103 125  58 115  89 142  22  98 110 117  49 |  29  40  75  69   3  16  57 123   5 ___  19 136 |  13 ___  41 ___ ___ ___  50 ___  70 ___  37  54 |   4 122  93  88 120 140 ___ ___ 112  24  27  60 |  26 ___ 105 ___  97 ___  18 ___ ___ 116  66 ___ |  72 ___  59 ___  82 ___ ___  23 118  80  95  14 | ___  56   9 ___  17  38  62  90 ___  65 119 108 |  64 ___ ___ 104 ___  92 129  74 ___  44 130  32 |   6  51 121 ___  21  61  67 ___  84 113   1 ___ |
|  70 102  13  41 ___  50  37  11  52 128  73 ___ |  40   3  29 ___ ___   5  16 123 136 ___  19 ___ |  38  90 119   9  17 124 100  65  62 ___ ___ ___ |  91 ___ 101 133  76 ___ ___  79 ___   8 126 ___ |  88  60  45  27  93 ___  24   4 ___ ___ ___ ___ |  28 ___  95  25  80  82 118  72  10  23  59  14 | 131  83 139  78  81  63 127 ___  96 106  20  55 | ___ ___ ___  21 ___  94 121  67   6  15 ___  61 | ___  39 ___  31   2 ___ 135 141  86 ___  77 ___ |  49 ___ ___ ___ 110 117 ___ ___ 125  58 ___ ___ | ___ 144 ___ 114 137  26 138 ___ ___  46 105  97 | ___  74  64  92 143 ___  53 104 130 ___ 129  30 |
|  18 138 114  66 144 ___  46 137 116  26 105 ___ |  38 124  90  65 ___  17 ___  62 ___ 107 ___ ___ |  42  86  87 135   2  85 ___  31 ___ 132  39 ___ | ___ 118  10 ___  14  80  95 ___  59 ___ ___  72 | 103 ___ 125  98 ___ ___  58  12 110  89 ___ ___ | ___  15  51  35 ___  21  67  61 121 ___   6 113 |  91  36 ___ ___  79 ___  76 101 111 133 134 126 | ___ ___ 123   5 ___ ___ ___ ___ ___ 136  16   3 |  99  64  44 ___ 143 104  30 130  53 ___  74 ___ |  11 102  52  54 ___ ___  73  50  70 ___  37  41 | ___  63  81  55 139 106 ___  96  78  20 ___ 127 |  27 112  45  24 140  93 ___  60   4  48 122 120 |
|  75  68  40  16   5 ___ ___ ___ ___  57 123  19 |  13  11  50 128  37  33 ___ ___  52  70 ___ ___ | 114 ___  46 116 144 137  97  26 105 138  18  66 | ___  53 ___ ___  32 129  74  30 ___ 143 104 ___ | 118  28  10  59  72 ___  25 ___  82  80  14  71 | ___ ___ 112  24 122 140  88  93  45   4  27  48 | 141 132  85 ___ ___   2 ___  39 ___  31 ___  42 |  58  89  12 110 115 117 ___ 103 ___  22 142  49 | ___  47  20 106 ___ ___  81 131  78  83 ___ 127 |  61 ___ ___ 113  21  94  84  67 121 ___ ___  51 | 107  17   9 ___ 124  65  56 108  90 ___  62 100 | 134 111 ___ 133   8 109  34 126 ___ ___ ___ ___ |
| 121 ___  94  51  21 ___   6  61  15  35  84 ___ | ___  49 ___ ___  98 110 ___  12  22 125 115  89 | ___ ___  37 ___ ___  11 ___ 128 ___ 102  70  41 | ___  86  39  31 ___ 132  77 135  87 ___ ___  85 |  34 ___ 101 134 109 111 ___ ___   8  36  76  79 | 104 ___  74  92 129 143  53  99  64 130 ___  32 |  62  56 ___  90   9 ___ ___ 107 108 ___ 119 ___ |  24 122   4 140  48 ___  45  88  27 120 ___  93 | 137  18  46  26 144 114 116 105 ___ 138  66  97 |  72  80 ___  14  82 ___  23 118  10  25 ___  95 |  75   5 136 ___   3  57  68  16  29  69 123  19 | ___ ___  47 ___  63 ___ ___ ___ ___ 127  83  81 |
|  10  80  28  95  82 ___  59 ___  71 ___  23 ___ |  60  93 ___  24  27 140 ___   4 120 ___ ___ ___ | 117 103  98 ___ ___ ___ 115 ___  12  89 125 ___ |  62  90 107  65 100  56 ___ ___ ___  17 ___ 124 |  78  55  47  20 ___  96 ___ 131  63  83 ___  81 | ___ 135 ___  31 ___   2  86  85  39 141  87 ___ | 123  68   3  29 136   5 ___  75  16 ___  69  40 |  92 129 ___ 143  32 ___  64  53 ___ ___  74  99 | ___  70 ___ 128  33 ___ ___  73  50 102  41  54 | ___  36 ___  76 ___ ___  91 ___ 101 133 134 111 | ___  21 ___  94 ___  35   1  51  67   6  84 113 |  46  66  18 ___ 144 ___   7 ___ ___  97 ___ 116 |
| ___ 122  60 ___ 140  88 ___  93 120 ___ ___  48 | ___  72 ___  25  59  82 ___  23  71  10 ___  80 |  94 ___ ___  15  21 ___ ___ ___  84 ___ ___  51 | 105 ___  18 ___  97 138  66 116  46 ___ 114 137 |  86  42  39  87 ___  77 ___ 141 ___ 132  43 135 |  55  81  96 106  83  63 ___ ___ ___ 131  20 ___ |  73 ___ ___  50  52  33  54 ___  41 128  37  13 | ___ ___  91   8  76 126 101  34 ___  79 ___ ___ |   3  75  69 ___   5 ___ 136 123 ___ ___  16 ___ |  99 129  30  32 143 ___ ___  53 ___ ___ ___ ___ | 125 110  22 ___  49 ___  89 ___ ___  98  12 115 | 119 108 ___  65  17 124  90  38 ___ 100  56   9 |
| ___ ___ ___ 111 ___  34 134 ___  79 ___  91  76 | 104  99 ___  92 ___ ___  74 ___ ___  64  32 129 |  60 ___  27 120 140  93  48 ___   4 122 ___ 112 | 123 ___  75  57  19  68 ___ 136  69   5  40   3 |   7 114  18  46 137 ___  26 105 144 138  97 116 |  38   9 ___  65  56  17  90 ___ 107  62 ___ ___ |  84 ___  61 ___  15  21 113 ___  51  35 ___  94 |  31 132 141 ___  43 ___  39  86  87 ___  77  85 | ___ 125 ___ ___ 110 117  22 ___ 103  89 142 115 | ___ ___  81 127  63 ___ ___  78  47 ___ ___  96 |  10  82  71 ___ ___ ___ ___  95 118 ___  23  14 |  37  41  70 ___  33  11 ___ ___  73  54 102  52 |
| 107  56 ___ 108 ___  90 ___ 124   9  65  62 100 | 114 ___   7  26 ___ 144 ___ 105 116  18  97 138 | ___ ___  20  81 ___ 139 127 106 131 ___  47  96 | ___ ___  45  24  48 122 112 ___  27 140  60 ___ | ___  94 121   6  61  51  35  84 ___ ___ 113  15 | ___  22 142  58  89 ___ 103 ___ ___ ___  98 115 | 130 ___  99 ___  30 ___  32  64  74  92  44 104 | ___ ___ ___  33 ___ ___  70 ___ ___ ___  41  11 | 109 101 134 ___ ___ 126 ___  91  34  36 111  76 |   3  68 ___  19   5  40 123  29  75  57 ___ ___ | ___   2 135  42  85 ___ 132  77  86  87 141 ___ |  59 ___  10  25  82  72 ___ ___  23  14 ___  71 |
| 125 ___ ___ ___ 110 103  98 ___  22  58  12 115 |  94 ___ ___  35   6  21  51  84 ___ 121 113 ___ |  40 ___ ___ 136   5   3  19  57 123  68  75  16 | 131  78  47 106 127 ___  96  81  20  63  55 139 |  53 ___ ___ ___  99 ___  92 130 ___ ___ ___  30 | ___  79 111 ___  36   8  34 109 101 ___ ___ ___ | 105 138 137   7 116 144  97  18 ___ ___  46 114 |  25 ___ ___  82  14  28 ___ 118  59 ___  95  72 | 124 107 119  65  17  38 ___  62  90  56 ___ ___ | ___ 122 120  48 140  60   4  88 ___ ___ ___ 112 |  70 ___  52  13  11 128 ___  41 ___ ___ ___  54 |  87 ___  39  31 ___  85 ___  42 141  43 132 135 |
+-------------------------------------------------+-------------------------------------------------+-------------------------------------------------+-------------------------------------------------+-------------------------------------------------+-------------------------------------------------+-------------------------------------------------+-------------------------------------------------+-------------------------------------------------+-------------------------------------------------+-------------------------------------------------+-------------------------------------------------+
| ___   4  24 115  45 ___ 120  98  88 112  60 122 |  25 ___  82  95 ___  10 113  28 ___ ___  80 ___ |  35  21  15  67 121  69   1 ___ ___ ___  61  19 | 114 ___ 137  66 138 105 127 ___ ___  18  26  20 |   2  31  85 135 ___ ___  77 ___  39 ___ 132  86 | 106  78  76 ___ 131  47 ___ 134 139  55 ___  83 |  13 ___  46 ___  50  70 102  11  97  41 ___ ___ | 111  91 126 101 ___ ___ ___   8  79 ___  14  59 | 119   3 136 ___  75 ___  29  40   5 123 100  68 |  27 130  53 129 ___  92 ___ 143  99  74  30  48 |  49 ___ 103  58  37 ___  12 ___ ___  22 117  89 |   9  43 124 108 107 ___ ___  65 ___ ___  62  90 |
|  61  84 ___ ___ 121 ___  15 ___  67  51  94   1 |  58  37 110 142  22 ___  54 117 103 ___  89  12 | 128  33  52  50 ___  46 102 ___  13 ___  11  97 |  42 ___  85  77 ___ 141  32  86 135  39  31  44 | ___ 133 109  79  59 ___ 111 126 ___  91  36  34 |  92 ___ ___  74 130  64 143  27  99 104  30 129 |  38 ___  87  17  90 ___  56 ___  43 ___   9 ___ | ___   4 ___  45 ___ ___  93 140 ___ ___ 115  98 | ___ ___ 116  66  18  26   7 114 144 ___ 127 138 | ___ ___ 118  80 ___ ___  28  82  72 ___ ___ 113 |   3 ___ ___ ___ ___  16 ___ 100   5 ___  40  68 |  81  76 139 ___  47 134 ___ 106 ___  83 131 ___ |
| ___ 131 106  76  47  63  81 134  78  96  55 ___ |  31 ___ ___ ___ 135 ___ ___  42 ___ ___ 132 141 |  92 143  30 ___  64  27 ___  74 104 130 ___  48 |  94  21  61  51   1  84  19 ___  15 121 ___  69 |  33 128  11  52 ___ ___  41  13  70 ___ 102  50 |  57 ___ 100 ___ 123  75 ___ 119   3  40 136 ___ | ___  23   6 ___ 118  10 ___ ___ 113 ___ ___  25 | 108  62 ___ ___  56  65 124  17 ___ ___  43  87 | ___  93 ___ 112  45  24  88  60 140   4 115 ___ |  20 105   7 138  18 ___ ___ 144 ___  66 116 127 | ___ 101  34 133  59 111  91  14 ___ ___ 126  36 |  22  54  49 ___ ___  37 ___  58 ___  89  12 103 |
| ___ ___ 133  14 101 ___  79  59  34 111 126  36 | ___  27 ___  74  30  64  48 104  53  99 129 130 |  24 140 120  88  45 ___ 122 ___  60   4 ___ ___ |  40   5   3  16  68 123 ___ ___ ___ ___  57 ___ | 144  26 137 ___ ___ 127  66 ___  18 105 138   7 |  65 ___  43 ___  62 107  17  87 124  38   9 ___ |  94  84  69 ___ ___ 121   1  61  19  51  15 ___ | ___ 141 ___  39 132  31 ___ ___ ___  86 ___  44 |  37  49  22 ___ 125  58 103 117 110  12  54  89 | ___ ___  78  83  47 106  55  63 139  96  81  76 |  72  10 118 ___   6  95  23 113  82  71 ___  80 |  52  97  11  41  70  46  33 128 ___ 102  73  50 |
|  72  23  25 113  10  82 ___ ___ 118  95  28 ___ |  24  98 140 112 ___  45 ___  60 ___ ___ 122 ___ |  58 ___  22 103 125  37  89 ___ 117 ___ ___ ___ |  38  17 124 108 ___  62  43 ___   9 107  65  87 |  63 ___ ___ ___ 134  76  96 ___  47 ___  83  78 |  31  86  32  77 141  39   2 ___ ___  42 ___ 132 |  40 123 119   5  29 ___  68   3 ___  16 136  57 |  74 130 ___  64 129  92  99 ___  30  53  48  27 |  46  11 ___ ___  70 128 ___ ___  33 ___ ___ ___ |  59 ___  34  36 ___ ___ ___   8 109 111  79 ___ |  61 121  67  35  69  51  84  19  21  15  94   1 | ___ ___ 137  66 ___  20 ___  26 ___ 138 105 ___ |
| ___  62 ___  43 107  17   9  87  90 108  38  56 | ___  20 144  66 ___  18 ___ 114 ___ 137 138 ___ | ___  63  81  78 ___ 134 ___ ___  55 131 139  76 |  60 ___  93 ___ 122   4 115  88 120  45 ___  98 |  21  35  61  15  69  19  51  94 121  84 ___  67 |  58 ___  54 142 ___ 125 ___  37 ___ 117 ___  89 | 104 130  27 143  53  64 ___ ___ ___  74  30  92 |  41  73  13  70 102 128  11  33  52 ___  97 ___ |  59 ___  79 111 101 133 ___ 126 ___ ___ ___  36 | 119 ___  29  68  75 ___  40   5   3 ___ ___ 100 |  85  39  86  31 ___  77 ___ ___   2 ___ ___ ___ |  71 113 ___  95  10 ___  82  25 ___  80  23 118 |
| ___ 123  57 100 ___   5 ___ 119  29 ___  40  68 | 128 ___  33 ___  52 ___  97  13 ___ ___ ___  73 |  26 ___ ___   7  18  20 ___ ___ ___ 105 ___ 127 | 104 143  99 ___ 129 130 ___  53  30  64  92 ___ |  82  25 ___  71   6 113  95 ___ ___  23  80 118 |  24 ___ 115 112   4 ___ 140  98 ___  60 120 122 |  42 141  44   2  86 ___ 132  85  32  77 135 ___ | ___ ___ 117 ___  89 ___  49 ___ ___ 103 ___  37 | 134 139  81  96  47 ___ ___  55  63 131  76  83 |  69  84 ___ ___ ___  35 ___  21  61  51  15 ___ | ___ 107  90  65 ___ ___  62  43  17   9  38  56 |  79 ___ 109 111 ___  59 ___ 133 126  36  91 ___ |
| ___ 130  92 ___  64 143  30  27  53 ___ 104 ___ | 133  59   8 111  79 ___ ___ ___  34 109 ___  91 | ___  82 ___ 118  10 ___  80 ___ ___ ___  72 113 | ___  33  11  41 102  73  97 ___  52  70 128 ___ |  17 ___ ___ ___  87  43 ___  38 107  62  56  90 | ___   7 ___  66 ___  18 144 ___ 137 ___ 116 138 | ___  12 ___ 110 ___ 125 ___  49  54 ___  22  58 |  96 131 ___  47  83 106 ___  63  81  78  76 134 |  69  61 ___  51 121 ___  67  94  21 ___  19   1 | ___ 141  86 132  39 ___ ___ ___ ___  77 ___  32 | ___  45  88  24  98 112   4 115 ___ 120 ___ 122 | ___ 100   3  16 ___ 119   5  57  40 ___ 123 ___ |
|  85 141 ___  32 ___ ___ ___  44  86 ___ ___ ___ | 106 134  63  96  81  47  76  55  78 139  83 131 | 133   8  79  34 101 ___  36 111 126  91 ___  14 | 117 110  49 ___  89  12  54 103  22 125  58  37 |   5 ___   3 ___ ___ ___  16  40 ___ ___ ___  29 | ___ ___  97  41 ___  70  33  46  11  13  52 ___ |  60   4  98 ___  88  45 ___  93 ___ 112 120  24 | ___ 105 114 ___ ___ ___ 137 ___ 116   7 ___ ___ |   6  72  71  95  10  25 118  28  82  23 113  80 |  87  62  90 ___ 107  65  38  17 ___ ___ ___ ___ |  99  64 ___  92  27 ___ 130  48 143  30 104 ___ |  15  19  61  51 121  69  21 ___ ___   1 ___  67 |
|  49  12 ___ ___ 125 110 ___  37 103 ___ 117  89 |  35 ___  21 ___  15 ___  19  94 ___  61   1  84 | ___   5 136 ___  75 119  68  16  40 123   3 ___ | ___  63 ___  96  83 131  76  78  81  47 106 ___ | 143 ___  99 ___  27  48  74 104 ___ 130 129  53 | ___ ___  14 111  91 ___   8  59 109 ___  79 ___ | 114 ___ ___ 144   7  18 138 137 127 ___ 116  26 |  95  23  28 ___ ___ ___  72  82 ___ 118 ___ ___ |  87 124   9 108 107 ___  90  38  17  62  43  56 |  98 ___  88 122 ___  24  60 140  93 112 120 ___ | ___  70  50 128  46  41  73 ___ ___  52  13 ___ | 135  32  85  77 ___  44 ___ ___ ___ 132 ___  86 |
|  11  73 128  97  70  33  52 ___  50  41 ___ 102 |  57 ___ ___  16 136  75 100 ___  29   3  68 123 |  65  17   9 ___ 107 ___  56 108  38  62 124 ___ | 126   8 109 111 ___  91  14 ___ ___ ___ ___  59 | ___ ___  93 120  98 115 112  60  45   4 ___  88 | ___ 118 113 ___  23  10 ___   6 ___ ___ ___  80 |  55 131 ___  63  78 ___  83 139 ___ ___  81 106 |  51  84  94 121   1  35  61  21  15  67  19  69 |  44  85 135  77  39 ___ ___  42   2 141  32 132 | ___  12 103  89 125  58 117 110  49 142 ___  54 | ___  18   7  26  20  66 105 127 ___ 116 114 138 |  30  48  99  74  64 ___ 143  92 ___ 129 130 ___ |
| 137 105 ___ 127  18 144 116 ___   7  66 ___ 138 |  65 ___  17 108 ___ 107  43  38 ___ 124  56  62 | ___   2 ___  86 ___ ___ ___  77 ___ 141  85 ___ |  28  82  72  95 ___  23 113 118  71  10 ___   6 | 110  58 ___ ___ ___  54 142 117 ___  12  89 103 |  35  67  19  51  84 121  21  69  61 ___  15   1 | 126 ___  59   8  34 ___ ___ 109 ___ 111  79 133 |  16 123  40 ___  68  57 ___   5 136 ___ 100 119 |  27 ___  30 ___  64  92 ___ 104 ___ ___  48 129 |  46 ___ ___ 102  70 128  13  33 ___  41  52  97 | 139  47  78 ___ 134  96 ___ ___  63  81  55  83 | 120 115  93 ___  45  98 140  24  60 ___ ___ ___ |
+-------------------------------------------------+-------------------------------------------------+-------------------------------------------------+-------------------------------------------------+-------------------------------------------------+-------------------------------------------------+-------------------------------------------------+-------------------------------------------------+-------------------------------------------------+-------------------------------------------------+-------------------------------------------------+-------------------------------------------------+
| ___  20 ___  47  55 131 ___ ___  83  63  81 ___ |  86 ___ 141   2  43 ___ ___ 135 132 ___ ___  87 |  53 130  32 129 104  74  85 ___  30 ___ ___ ___ | ___  84 ___  21  72   6 121   1 ___  94 ___  51 | ___  50 ___ ___  41  70 ___  52  13  37  49 ___ |  29 ___  75   5  69  40 ___  16 ___ 136 ___ ___ |  71 ___  95  23  80 ___ 109  25  10  82 ___ 118 |  17 119   9 ___   3  90  65 ___ 100  56 107 108 | 112 ___  48 140 ___ ___ ___ 120   4  27 ___  99 |  66  46 138 ___ 114 ___ ___ 105  26 ___ ___  18 | 133 126 ___  34 111   8 ___ 101  91 ___  79 139 | 115 125  58 ___ ___ ___  12 103  22  93  98  89 |
|  25  59 ___  10 ___  23  14  95 ___ ___  71 ___ | ___ 112 ___ ___  48  60  45 ___ ___  24  99  27 | 103 ___ 115  89 117 142 ___ 110 ___  98  58 ___ |   9  62 ___  17   3 ___ 107 ___ 100  38  90 108 | 131  78 106 127  96  47 ___  81 ___ ___ 137  83 | ___ ___  39 ___  87  42 141  77 ___ 135 ___ ___ | ___  69 ___ 123  68  40  61  57  75 ___  19  29 | 143  44 ___ 104  85 ___ ___ ___  32 129  64  74 | ___ 128  54  33 ___  50 102  52  73  37  70 ___ | ___ 134  36 139 126  34  79 ___ 133   8 ___ ___ | ___ ___   1  67  51  21   6 ___  84 ___ ___  72 | ___  18 ___ 144 ___  66 105 ___ ___  11 ___ ___ |
|  35 ___  67 121  94  84 113  51 ___ ___  15 ___ | 103 142  12 ___ ___ 117 ___  22 ___  58  93 ___ |  50  73  54 102  13 ___  49 ___ ___ ___ 128 ___ | ___ 141  31   2 ___  87  39 132 ___  42 ___ ___ |  91  34 133 ___ 111 ___   8  79 ___ ___ 139  36 | ___ 129 ___ ___  44 ___ 130  74 ___ ___ ___  85 |   9 ___ 108  62  56  38   3  65 107  17 ___  90 | ___  27 ___ ___ ___ ___  24   4  48 122  45 112 | ___  26  97 144 114   7 ___ 116 ___  46  18  11 |  95  59 ___ 109  28 118  71  23 ___  82  14  10 |  57  40  68  29  16 ___ ___ ___ ___  19 136 ___ | 127  47 106 ___ ___  96 ___  78  81 137 ___  83 |
| ___  37  50 ___  13  73  54 ___ 102 ___  52  49 | ___  16 ___   5  19  40 ___ ___  68  57 ___ ___ |  90 ___ 100  56 ___ 108   3  17   9 ___ ___ 107 | ___  91 133   8 139 134 101  36  76 126 ___ 111 | ___  88 ___ ___ ___ ___ ___ 120  60  27 ___ ___ | 118 ___ ___  82  59  28 ___  95  25  71  14 ___ |  81  20  96 ___  83  55 137 ___  47  63 ___  78 |  21 ___  15  94  72  67  35  84 113   1 ___ ___ |  77 ___  43   2  42  86 ___ 135 141  87  39 124 | 142 ___  89  93 117 ___  22  12  58 ___ 115 125 |  26 114 138 ___  66 144  46  18 ___  97 116  11 |  32  64 ___ 143 ___ ___ 130 ___  30  85 ___ ___ |
|  57 ___ ___  75  40 ___  19  16  68 ___ 136 ___ |  50  41  73  33  54  13  70 ___ ___ ___ ___  37 |   7 105  97 ___ 114  66 ___ 144 116 ___  26 ___ | ___ ___ ___ ___  85  44  64 129  32 104  53  74 |  23 ___  25  14  95 ___  82  71  28 ___ 109  80 | ___ ___  45 140  27  60   4 112  24 120  48  99 | 135  87  77 141 132  42 124 ___ ___   2 ___ ___ | 110  98  22 117 ___ 103  58  12 115 ___ 125 142 |  96 106 ___ ___ ___ ___  83  81 131  20  47 137 |  51 ___ ___  72  94  67  15  84 ___  21 113 ___ | ___ ___  56  90 108  17 ___ 107  62 ___   9 ___ | ___ 101 133   8 ___ ___  91  34  79 139 ___  36 |
|  24  27  88  45  60 ___  48 112 122 140 120  99 | ___ ___  23 ___  14 ___  10  71 ___ ___ ___ ___ |  67 ___ ___ ___ ___ ___ ___  21  15 ___  35 121 | ___ 105  26 ___  11  46  18 138  97 114 ___  66 | ___  86  31 ___  77  39   2 135  42  87 124 132 |  78 ___  47  63 ___ ___ 131  96 106  81 ___ 137 |  52 ___ ___  73 102  13  49 128  70  33  54  50 | ___ 134  79 126 139 ___ 133 ___  76 ___ 101 111 |  16  57  19 ___  40  29  68 ___ 123  69  75  61 |  74  44 ___ ___ 104  53  30 130  92 ___  32  64 |  58 ___  89 103 142 110 ___ 125  12 ___  22  93 | 100 ___  65 ___  38 108  62  90 ___   3 ___  56 |
|  92  44  53  64 ___ 130 ___  74 129 143  30  85 |  34 111  91   8 ___ ___ ___  79 ___ ___ ___ ___ | 118  23  14  80 ___  95 109 ___  71  59 ___  10 |  52 ___ 128  33  49 ___ ___ 102  54  13  50 ___ | ___ ___  65 100 ___ 107  17   9  38 119 ___  56 | ___ 138  18 144  46 ___ 105  66 ___ 116  97  11 | ___ ___ 142  12  89 117 ___  58 125 110 115 ___ |  63 ___ ___  55 137 ___ 106 131 ___  83 ___ ___ |  51  35 113  21  94 ___   1 ___  84 ___ 121  72 |  77  87 ___ 124  42  86 135 ___  31 ___ ___ ___ |  24  60 122 ___ 112 140  27  45   4  48 120 ___ |  19  75  57 ___ ___  16 123  29 136  61  69  68 |
|  65 ___  90 107  38  62 100 108 ___  17 ___   3 |   7  66 ___ ___  97 114  18 ___ ___  26  11 ___ |  78 ___ 127  83  55  96 ___ ___ ___  20 106  47 | 120   4  24 140  99  27  45 ___  48 ___  88 112 | ___  67  35 113  51 121  21  15 ___   6  72 ___ | 103  89 125 ___ ___ 117  12 ___  58  22 115  93 | ___ ___  74 ___ 129 104  85 ___  64 143  32 ___ | ___  37 ___ ___  49  50 128  73  54 102  70 ___ | 111 133 ___   8 126 ___ ___ ___  91 134 101 ___ |  16 ___  68  61 ___  29 136 123  57   5  19  75 |  31 ___ 132 ___  77 ___  87  39 141  43 135 ___ |  14 ___  25  82  28 ___  23 ___ ___ 109  59  80 |
| ___ ___ 103 ___ ___ ___ ___ ___  89 110 ___  93 |  67  51  84  21 113  94 ___ ___ ___  35 ___   6 |  29 123 ___ ___  40  16  61   5 136 ___  57  75 |  81 131 106  63 ___  20  47 ___ 127  55  78 ___ | 130 ___ ___  32  74  64 143  30 ___ ___  85 129 |  34 ___ 101   8 134 126  91 111 133 ___  76 139 | ___  46  66 105 ___ ___ ___  26 ___ 144 ___   7 |  82  59  71  28 109 118 ___  23 ___  80  10 ___ | 108  65 100 ___ ___ ___  56   9 ___ ___ ___   3 | 112  27 122 ___ ___  88 120   4  24 140 ___  45 | 128 ___ 102  50  41  33  37 ___  73  54  52  49 |  43  39  31 ___  42  77 141 ___ ___ 124  87 ___ |
|  31  87  86  39 ___ 141  43  77 ___   2 ___ 124 | ___ ___ ___  63 127  55  47  81  83 ___ 137  20 | ___ ___  76  36 126 111 ___ ___  79 134 ___ ___ |  22  12  58 ___  93 ___ ___  89 115 117 103 142 | 123 ___  57  19  16  75   5 136  40  69  61  68 | ___ 102  70  33 ___ ___  73 ___ ___ ___  54  49 | ___  27 112   4 122  60 ___  24 ___ 140 ___  88 | 144 ___ ___ ___  11   7 ___ ___  97 138 ___  66 |  95  25  14 ___  28 118  80 ___  23  59  10 109 | 108 ___  56   3 ___  90   9  62 ___  17 100 107 |  92 104 ___  53  74 143  44  64 130  32  30  85 | ___ 121 ___  21 ___  51 ___  67 ___  72   6   1 |
| ___  46 ___  18 114 ___  97  66 138 144 116  11 |  90 108  62  17 100  38 ___ ___  56  65   3 119 |  86 ___  43 132  42  77 124   2 135  87  31  39 |  71  23  25 ___ 109  59  10  80  14  28 118 ___ |  12 103  58 ___ ___ 125 110  22 117 ___  93  89 |  67 ___ ___  21   6 ___ ___ ___ ___  15 113  72 |  79 134 111 ___ ___ ___ 139 133 101   8  76  34 | ___  69 136  40  61 ___ ___ 123  19  68  75 ___ |  74 ___ ___ 143 ___  53 129 ___ 130 ___  64  85 |  41 ___ ___  49 ___  50 ___ ___ ___  33 ___  70 | 106 ___ ___ ___  96  63 ___ ___ 131 ___ ___ 137 |  48  45  24 ___ ___ 112   4  88 120  99 ___ 122 |
| 133 ___ ___ 101 ___  91 ___ 111  36   8 ___ ___ |  53 ___ ___ 143  32 104 ___  30 129  92  85 ___ |  88   4  48 122  60 112 ___ 140 120  27  24  45 | 136 ___  57   5  61  69  75  68  19  40 ___  16 | 105   7  26  97  66  18 144 116 ___ ___  11 138 | ___  56 ___  17 119  38  62 ___  65   9 100 ___ |  15   6  51 ___   1 ___  72  35 ___  21 ___  67 | ___ ___ ___  42 ___ ___ ___ 141  43 ___  39  77 | 142  58 115 110 117 ___  89 ___  12  98 ___  93 |  96  20  83 137  55  78  81 ___ 106 ___ 127 ___ |  25  28  80 ___ ___  82 ___ ___  23 ___  71 109 | ___  70 ___  33 ___  41  73  50 ___  49  37 102 |
+-------------------------------------------------+-------------------------------------------------+-------------------------------------------------+-------------------------------------------------+-------------------------------------------------+-------------------------------------------------+-------------------------------------------------+-------------------------------------------------+-------------------------------------------------+-------------------------------------------------+-------------------------------------------------+-------------------------------------------------+
| 102 ___  49 ___  54 142 117 ___  58  37 125 103 |  61 123 ___ ___  94  19 136 121 ___  68 ___ ___ |   3  16  40  57 100 ___  29 119  75   5 ___   9 |  47  96  36 134 ___  63 ___ 106  55 ___ ___  91 |  74  99 ___ 104   4 ___ ___ ___  48 143  53  92 | 109 ___  71 ___ ___  14 111 ___  80 101 126 ___ |  18 144 131 ___  26 ___ ___ ___  81  20 114 137 |   6  82 ___ 113 118 ___   1  95  28  25  15 ___ | 141 132 ___  87  43 124 ___ 107 ___  17 135 ___ |  12 140  24 ___ 115  93  45 112 ___ ___ ___  22 | ___ ___ 128  11 ___  46 ___ 116  41  13  70  50 | ___ ___ 129  44  32 130 ___  85  39 ___   2  31 |
| ___  21  61 136 ___ ___ ___ ___  35  69 ___  67 |  49  73 142  37 ___ ___  52 125  58 ___ 103 ___ |  11  41 ___ 128  97 105  50  46  70  33 138 ___ |  39  77 129  44  86 ___  30  31  42  32  85 130 | 111 109  80 126 ___  71 ___ 101 ___   8  34 133 |  99  92 120  27 143  48 ___   4 ___ ___ ___ ___ | 107  17 ___ 108  65 ___  90 ___ 135  87  38 ___ |  98 140  45 115  88  93  89 ___ ___  24 ___  12 | ___ ___ 114  20 127 137 ___ ___  66 ___ ___   7 |  84 ___ ___ 118 113  72  10 ___   1   6  28  15 | ___ ___  57   3  62 119   5 ___  16  40  75 ___ | ___  79  36 134  76  91  96 139 ___  78  63 106 |
| ___ ___   3   9 100  16  40 ___  57 119  75 ___ |  11 105 ___  46 ___  97 116  70 ___ ___  50  33 | 137 ___ 114  26 127 131   7 ___  18 144  83  81 | ___  74 122  27  53 143 120  92 104  48  99 ___ |  95  72   1 ___  84 ___   6 ___ 113  82 118  25 |  93  24  22 ___ 140 ___ 112 ___  89  45 ___  88 |  39 ___ 130  77  31  32  86 129  30  44  42  85 | ___ ___ 125  54 ___  49 102 142 ___  58 ___  73 | ___  36  55 134  76 139 ___  47  96 ___  79 ___ | 123 ___  35  67  19  61 ___  51  68 ___ ___ ___ | 132 ___  65 124 ___  87 ___ 135 ___  38 107  90 | 126  71  80  59  14  23 ___ 109 101  34   8 ___ |
|  80   8 109  71  14 ___ 126  23 133 ___ 101  34 |  99 ___ ___ ___ ___  48 120 ___  92 122  53 ___ |  93 112  60  24 115  12  88  98 ___ 140  89  22 | ___  16  56 ___  29   5   9  57 ___ ___ ___  62 | ___ 137  83 ___ 131 ___  20 ___ 127 144 ___ ___ | 124 ___ ___  87  17 ___ ___ 141 ___ 107  38  90 | 121 ___ 123  51 ___ ___  67  68 136  69  94  61 |  44   2 ___  32  86  85 129 ___  42  31 ___ ___ |  73 102 117 ___  54  49  58 125 142 110  52 103 |  91 ___ 106  78  76 139  47 ___  36 134  55 ___ |   1 ___  25  72  84   6  82 ___  95  28 ___ ___ |  13 116 138  46  97 ___ ___  11  70  50  33 128 |
|  83 144 137 ___ 127  66 ___ 131 ___  20 ___ ___ | 124 141 ___ ___  38 ___ 135 107 ___ 132  90  17 |  85  77  42  31 ___ 130  86  44  39 ___ 129  30 | ___ ___   1   6 118 ___  15  25 ___ 113 ___  84 | 142  49 ___ 117  73 ___  37 125  54 ___ 103 ___ |  61  35 136 ___ ___ ___  51 ___  68 121 ___ ___ | ___ ___  23 111 133  14  34  80  71 ___ 126 109 | 119   5 ___ ___  29   3  56  16  40  57   9  62 |   4 122 104  27  48  99  92  64  74 143 120  53 | 105  33 ___ ___  97 ___  70 ___ 138 ___  13 116 |  36  76 ___ 139  91 134  63  79 ___  55  47  78 |  60 ___  89 ___ 115 ___ 112 ___ ___  88 140  24 |
|   1 ___  72 ___ ___ ___  28 ___  25   6 ___ 118 |  93  12 ___  98  60 ___  22  45  24 ___  88 140 |  49 ___ 117 ___ ___ ___ ___  37 125 ___ 102 ___ | 107 108 ___  87  90  17 135 ___  38  43 124 141 |  96 139 ___ ___ ___ ___ 134  47 ___ ___ ___ ___ |  85 ___  30  44 ___  32  77 ___ 129 ___ ___  86 |  75   5  62  16  57 ___ ___  56 ___ 119  40   3 |  27 143 ___  48  53 ___ 122  74 ___ ___ ___   4 | ___ 138  13  46  97 ___ 128  70  41 ___ ___ ___ | ___ ___ ___  34  14 109 101 111  80  59 ___  71 | ___  19  35  61 123  69  21 136  51  94 121  67 | 114 ___  83  20 127 131  66 137  18   7 144 ___ |
| ___ ___  99 120  48  74 104   4  92  27 ___ ___ | ___  23 111  59 126  14  71 101 ___  80 ___ ___ |  72 ___ ___ ___ 113  84 ___   6  10  82   1  15 |  70 ___ 138  46  50  33 ___ 128  13 ___  11 105 | 108 124 ___ ___ 141 135 ___ ___ ___ ___  90 ___ | 137  26 ___  20 ___ 127 ___ 131  83 ___ 114 ___ | ___ 110  73 142  58  54 103 102 ___  37 ___  49 | 134  63  47  76 ___ 139 ___ ___ ___ 106 ___  91 | 123 ___  94  69  19  61  35 121  51  21 ___  67 | 130   2  31 ___ ___  85  39  77 ___  44  42  30 | ___ 115  24 ___ ___ ___ 140 ___ 112  60 ___ ___ |  40 ___  56 ___ 100  62  16   3 ___  29   5 ___ |
| 129 ___  85  30  32  77 ___ 130  31  44  39  86 | 139  91 ___ ___  55 ___ ___  47 106  36  78  63 | 109 ___ ___ 133  14  23  34 ___ ___ ___ ___  71 | ___ 142 102  37 103 110 ___ ___ 117  54  49  73 |  16 ___ ___  40 ___ ___ ___  75 100   5  29  57 |  11 128 116  46  33 ___  41 105 ___  70  13  50 |  45 ___  12 112 ___ 115  88  89  22  98  60 ___ | ___ ___  18 127 ___ 137 ___ ___ 114 ___ ___ ___ |  84   1  28   6 113  72 ___  10  95 ___ ___ 118 | ___  17  65  90 ___ ___ ___ 108 132  87  38 135 | 122  48 ___  99   4 ___ 143 120 ___ ___  64  53 | ___ ___ ___  69  19 123  51  61 121  67  21  35 |
|  36  63 139  79  76 ___  55  91 106 ___  47  78 |  85 130  77  44  42 ___ ___  39 ___ 129  86 ___ | ___ ___ ___  92  48   4 ___  27 ___ 143 122 ___ | 121  51  68 ___  67  21 136  35  94  19 ___ 123 |  41  11 ___  13 ___ ___ ___  70  97  33 ___ ___ | ___  57   9 119   5 ___  16 ___  56 ___  40  29 | ___  82  84  95  25 113 118   1  15   6  28 ___ |  87  17 ___  43  90 124 132 108  38  65 135 141 |  12 ___  60  98 ___ ___ ___  45 112 140 ___ ___ | 131 144  26   7 127 137  18  66  83 ___ ___  81 |  80  14 133 109  23  59   8  71 111 126 ___  34 | 117  52 102 ___  54  73 ___  49 125 103 110  58 |
| 132  17 124 135  43 ___  38 ___  65  87 ___  90 | 137 131 ___  20 114 127 ___  18  26  83   7 144 | 139  96  55 106  76 ___  78 ___  47  63  36  79 |  45 112 ___  98 ___ 140  22  24  60 115  93 ___ |  51 ___ ___ ___ ___ ___  69 ___  19  21 ___  35 | ___  58  52  37 ___  54 ___  73 ___ 125 117 ___ |  64 ___ ___  74  92  48 ___ 122 ___ ___ 104 ___ |  46  33  70 ___ ___  11 ___ ___ ___ 128 ___ ___ |  23  80 126  59 ___ ___ ___ 101 ___ ___  71  34 |  62   5 ___  29 ___   3  75  16  56 119 ___ ___ | 129  32 ___  85 ___  44   2  30  77 ___  39 ___ | ___ ___   1   6 113 ___ ___  72 ___ 118  82  25 |
| 138 ___ ___ ___ ___ ___ ___ 105 128  46  70  50 | ___ ___  16 ___  40 100 ___ ___  57  56  29   5 | 124 108  38 ___ ___ ___ ___  87 107  17 132 135 | 101 111  80  59 ___ ___  71 133 ___  14 ___  23 | 112 ___ ___ ___  12  22 ___  45 115 140 ___  24 | ___ ___ ___   6  82 113  95  84   1  10  28 ___ |  47  63  91  96 106  76  78  36  79 134  55 139 |  69  21 121 ___  67  61 ___  51  94 ___ ___ ___ | 130 129  42 ___  32 ___  31 ___ ___   2  30  86 | ___ 110  58 ___  54  49 ___ 142 102  37 117  52 |  83 127  26 137 ___  20 144  81 ___ 114  18   7 | 104 120 122  27 ___   4  74  99 ___  53 143  92 |
|  89 ___  93  22 115 112  60  12 ___ ___  45 ___ | ___ ___  95   6 ___ 113  15 ___  25 ___ 118 ___ |  61 ___  94 ___  19 123  67  69 ___ ___  68 136 |  18  66  83  20   7 144  81 ___ ___ ___ 137 ___ |  77  85 129  42 130  30 ___ ___  32   2  86  31 | 139 106 ___ ___  63  76 ___  91 ___ ___  55  78 |  70 ___ 105  41 ___  97  50 ___ 116 ___  13 ___ |  59   8 101  14  34 109  80 111 126 133 ___  23 |  62  56  40 119 100   3  57  75  16   5   9 ___ |   4 143  92  53 ___  99  64 ___ ___ ___ ___ 120 | 102  54  58  49  73 ___ 110  52 ___ 117 125 ___ | ___ ___ 132  87 ___ 141 108 124 107  90  17  65 |
+-------------------------------------------------+-------------------------------------------------+-------------------------------------------------+-------------------------------------------------+-------------------------------------------------+-------------------------------------------------+-------------------------------------------------+-------------------------------------------------+-------------------------------------------------+-------------------------------------------------+-------------------------------------------------+-------------------------------------------------+
| ___ ___   6  67   1 113 ___  94  95  15  72  82 |  98 117 115  22  24  89 103  93 112  12 ___  45 | ___  54  58 142 102 ___ 110 ___  49 125 ___  50 | 124  43 141 135  17 ___ ___ 108  65 132  87  42 |  76 134  91 106 126  34  79 139  36  47  63  96 |  44  77  53  30  39 129  32 104 130  85  31   2 |   3  75  38 100  16  56   5 ___  90 ___  57 119 | 120  64  99 122 143  27   4  48 ___ ___  88  60 | 114 105 128 116 138  46  41 ___  97 ___   7  33 | ___ ___ 111   8  80  59 109  14 ___  71 133 118 | 123 ___ ___  69  40 ___ 121 ___  19 ___  61  21 |  26 ___ 131  81  83  55 ___ ___ 137 ___  18  66 |
|  12  45 ___ ___  89 115  24 117 112  22 ___ ___ |   6  94 113  15  25   1  67  72  95 ___ ___  10 |  69  19  35  51  68 ___ ___ ___ ___ ___ ___  29 | ___ 127 131  81 144 ___  78  66 ___  83 ___  55 |  32 ___ 130  31 104  53  30  85 129 ___   2  77 | ___  96 ___  79  47  36  76 126  91 139 106 ___ | ___ ___ 114  97  41 138 ___ ___   7 116 128  46 |  71 101 ___ ___   8  59  23  14 133 ___ ___  28 |  38 ___  57   9  56 119  16   3 100 ___ ___ ___ |  60  64  74 ___ ___  27  99 ___   4 120 ___  88 | ___ 102 142 ___  13  52 125  50  54 ___  49 ___ |  65 ___ 141 135 132 ___  43  87 124 ___ 107 108 |
|  73 125  37  50 ___  54  58  13 142  52 ___ 110 |  69 ___ ___ ___ ___ ___  29  61  51 ___  21 121 | 119 100  57  16  56  38   5   9   3 ___ ___  90 | ___  76  91  79  63 ___  34  96 106  36 134 126 |  48  27   4  92 ___  88 120 ___ 122  64 143  74 |  59 111 ___ ___ ___  80  14  28 ___ ___ 133 ___ | 137 ___ ___ 127  66  83 144 131  78 ___ ___  20 |  15 ___  72   1  82   6  84 113  25  95  67 ___ |  42 141  65 135 132  87 ___ ___  43 107  86  17 | 117 ___ 112 140  89  98 ___ ___  12  22 ___ ___ | ___ 138  41  46 ___ ___ ___   7  97 ___ ___  33 | ___ ___ 130 ___ 129 ___  32  44  85   2  39  77 |
|   4 ___ ___  88 122 ___  92  60 ___ 120 ___ 143 |  59  28  14 ___ 133  80 118 109 ___ ___   8 101 | ___ ___  25  95 ___  94  82  15  72 ___  84  67 | ___ ___ 105 116  33  70 ___  41 128 ___  46 ___ |  43  87 141  65 ___  86 ___ 124 132 ___ ___ 108 |  20  66  78 ___  18 ___ ___  55 131 ___  26 144 |  49 125  13  54 142 102 ___  73 ___ ___  58  37 |  79 ___ ___  36 ___ ___  91 ___ ___  96  34 126 |  40 ___  35 ___ ___  69  51  61 ___ 121  29  21 | 104  39  77   2 129  44  85  32 130  30 ___  53 |  12  89 112  98 117 ___ ___ ___ 115  24  93 140 |  57 ___  62 ___  56  38 100 119   3   5  75  16 |
| 141 107 ___ ___ 132 ___  65  42 108 135 ___  17 |  20  55 127  81  26  83  78 137  66 131 144 ___ | 134  76 ___ ___  36 126  63  79 139  47  91  34 | ___ 115  12 ___ ___  45 ___ 112  24  89  98 117 |  19  69 123 ___  40  29 136  61  68 121 ___  51 | ___ 142 ___  52 125 102  54  13 ___  49 ___ 110 |  99  64  60 ___ ___ 122 143 ___ ___ ___  92  27 | ___  70 ___ ___  33  46 105  97 128  41   7 114 |  28  23 ___  71  80  59 111 ___  14 ___ 118   8 |  38  75  16 ___  56 119 ___ 100 ___   9  57  90 | 130 129  77 ___ 104  30  39  53  32  31  85 ___ |  25  67 ___  15 ___  94 113   6 ___  82  10  95 |
| 130  39 ___  53 129 ___  31 104  77  30  85   2 | 134 126 ___  79 106  36  34 139  96  91  63  47 | ___  14 ___ 111  80  28 ___  71 ___ 101 ___ ___ |  49  54  73  52 110 125  50 142  58 ___  37 ___ | 100 ___  62  57 ___ ___   9 ___  56  75   5 ___ |  46  41   7 116  70 138  97 ___ 105 ___ ___  33 | ___ ___ 117 115 112  89 140  12 ___  22 ___  98 |  81  18 137 ___ 144 ___ 131 ___ ___  66  78 ___ |  94 ___ ___ ___   1   6 ___  72 113 ___ ___  82 |  42 107 108 ___ 132  87 ___ ___ ___ 135  65  86 | ___ ___ ___  27 ___ 120  64  88  48  92  99 ___ |  35  29 123 ___ ___ ___  19  69  61  21 121  51 |
|  91  47 134  34  36  76 106 126 ___  79 139 ___ |  44 104 ___  30 ___ ___  53  85  77 130   2  39 | ___  48  92  74 122  60 143 120  99 ___ ___  88 |  61  19 123 136  21 ___  29  51 ___  68  69  40 |  97 ___ ___ 128 114   7 ___  11 ___  70  33  41 | 119  16 ___   9 ___  56 ___  38 ___   3 ___   5 |  72  10 ___ 113  95   1 ___  84  67 ___  25 ___ | ___ 107 ___ 132  17  87 141  43 ___ 108  86  42 | 117  12 ___  22 ___  98 112  93 115  45 103 140 |  55 ___ ___ 144 ___ ___ ___ 127 131  81 ___ ___ |  23 ___ 111 ___  28 ___ 101 ___  14 133 ___   8 | ___ ___  73  52 ___  13  54  37  49 110 125 142 |
| ___  18  20  78 ___ 127 ___  55  66 ___ ___ ___ |  87  42  43 ___ ___ 132 ___ ___ ___ ___  17 ___ | ___ ___  31  77 129 104   2  30 ___  39 130  53 | ___ 113  84  15  82  10  67  95  25   1 ___ ___ |  54  37 ___  58  13  50  52  49 102 125 110 142 |  69  51  29 136 ___  68  19 ___ ___ ___  35  21 | 109 ___  28  14 ___  80   8  23 ___  71 133  59 | ___ ___ ___  56   5 119 ___ ___  57  16 ___ ___ |  60   4 ___ 120 122  27  74  99  48  64  88 143 | 114  70  41  33 138  46  11  97 105 116 ___   7 | ___ ___  96 ___ ___  79  47  34  76 ___ 139  63 |  24 103  12 ___  89 117 115  98  93 140  45 112 |
| 123 ___ ___  29 ___ ___  35  40  51 136  61 ___ |  37 ___  54  52  58 102  50 ___ 142  73 110 125 | ___ ___ 128 ___ 138 114  33 116  11  70 ___ ___ |  85  32 130 ___   2  39 ___  77  31 ___  44 104 |  14 ___  23 ___  28 118  71 109  80 101   8 ___ | ___  74  88 ___  64 122  48  60   4 ___  92 143 | 124 107 ___  43 ___ 132  17 141  86 135  65  87 | ___ ___  93 ___ 140  98  12 115  24 112 ___ 117 | ___ 131  26  81  83 ___  66 ___ ___  18  78 144 |  94  10  95  82 ___   6  72 113  84  15 ___ ___ |  62  56  16 119  38   9  75  90 100  57 ___   5 | 106  34  91  79  36 126  76 ___ 139  63  47 ___ |
| 105  70 ___ ___ 138  97 ___ 114 ___ 116 ___ ___ | 119 ___ 100   9  57  56  90   3 ___  62 ___  75 |  87 ___  65 ___ ___  42  17 ___ 124 ___ 141  86 | 109  14  23  71   8 101 118 111 133  80 ___  28 | ___ ___  12  24 117 ___  22  93  89 ___ 140 112 |   6  95  67  15 ___   1 ___  94  84 ___  25 ___ | 139  47 126 ___  96 ___  63 ___ ___  79 106 ___ | 136 ___ ___ ___  21 ___ 123  19  35 ___  29 ___ | ___ ___  31 ___ 129 ___  77 ___ ___  39  53   2 |  13 125 142 110 102  37 ___ ___  73 ___  58 ___ | 131  83 ___  20  55  81  18 ___ ___  26 137 ___ | ___ ___ ___ ___ 122  60 ___  27  99 ___  64  74 |
|  23 101  59 118  80  14 133 ___ 111  71 109 ___ | ___ ___  48 120  92 122  88  99  74 ___ 143 ___ |  98 115  24 112  89 ___ ___  22 ___  45  12 ___ | ___ ___  62   9 ___ ___ ___  16  57  56 119  38 | 127  20 131  26  55  78  81 ___  83  18 144 ___ |  87 108  86 135 ___ 132  43  42 141 124  65  17 |  61 121 ___  19  51  68  21 ___  29 136  35 ___ |  30  39  85 129 ___  44 ___  32  31  77 ___ ___ | ___ ___  58  52 ___  37 ___  49  54 ___  50 ___ | 126  47 ___ ___ ___ ___ 139 ___ ___  79 106  34 |  84   1 ___   6  94 ___  10  67 113  25  72  82 | ___   7 105 116 ___ ___  97  46 ___  33  70  41 |
| ___  75 119  90  56 100  57 ___  16   9   3   5 | ___ 114 ___ 116 128 138   7  11  41 ___  33  70 |  20 127  26  66 ___ ___ ___  81 137 ___ ___  78 |  99 ___ ___ 120 143  64  88  74 ___ 122  27  60 | 113   6  84  25  94 ___  15  72   1  10  82  95 |  98 112 103  22 ___ ___ 115 ___  12 ___  24 ___ | ___  39 104  32  77 129   2 ___  53  30  31  44 |  52 125  49 102 110  37  73  54  58 142 ___  13 | ___  91 106  79 ___ 134  96 139 ___  47  34  63 | ___ 121 ___  21  68 ___  61 ___ ___ ___  35  29 | ___ 132 108 ___  42 135 ___  86 ___ ___ ___ ___ | 133 118  23  71  80  28 ___ ___ 109 ___ 101 111 |
+-------------------------------------------------+-------------------------------------------------+-------------------------------------------------+-------------------------------------------------+-------------------------------------------------+-------------------------------------------------+-------------------------------------------------+-------------------------------------------------+-------------------------------------------------+-------------------------------------------------+-------------------------------------------------+-------------------------------------------------+
| ___ 137  81  63 131 ___  66 106 127  78 ___  18 | 135  31 132 ___ 108 ___   2 ___ ___  42 107 124 |  30 129  77  32 ___  92  39 ___ ___  85 ___ ___ | ___   1  94  67  10  72  21 ___ ___  84  15  35 | 102 ___ ___ 142 ___  33  50  37  73  49 125  54 | ___ ___   5 ___  61 ___ ___  57 ___ ___  51 ___ | ___ 109  25  80  14  23 101  28  82 118 111  71 | ___   3 119 ___  75   9 ___ ___ ___ 100 ___ ___ |  24 ___  74 ___   4 120  48 ___ 122  99 ___  64 |  26  11  97 ___ 105 116 ___ 138 114   7  41 144 | ___  91  76 ___ 133  34 139   8 ___  96 ___ ___ | 112 ___ 117 ___  12  58  89  22 ___  45  93 ___ |
|  94  72  15  21  84   1  95  35 113  67 ___  10 |  22  58  89 103 112  12 110  98 ___ 117  45  93 |  52 102 ___ ___ ___ 128 125 ___ ___ ___ ___  33 | ___ 132 ___  86 ___ 124   2  43 108 ___ 135  31 |  36 ___ ___  96 133 ___  34 ___  91 139  47  76 | ___  32 143  53 ___ ___ ___  92 104  44  77  39 | 119   3  65  56 ___ ___  75 ___  17  90  16   9 | ___  99  27   4 ___ 120 ___ 122 ___  48 140 ___ | ___ 114  41   7 105 ___ ___  46 138  11 144 ___ |  25 109  14 101 ___  71  59  80  28 ___ 111  82 |  40 123  19 ___ ___  29 ___   5 ___  51  69 121 | ___  63  55  78 131 106  83  81  20 ___ ___ 127 |
| 126 ___  79   8  91 ___ ___ 133 ___  34 134  47 |  30  92 129  53  77 ___ 143 ___  32 104  39  85 | 120 ___  74  48 ___ ___ ___  88  27 ___  60 140 |  69  68  40  29 121  61   5 ___ ___ 123 136  57 | ___ 116 114 ___ ___ 144 ___  46 105  11  70 ___ |   9 100 ___  90   3 ___  56 ___  38 ___ ___  75 | ___  72 ___   1 113  84 ___ ___ ___  67  95  15 | ___ 124 ___ 141 ___ 135  42 ___ 108  43   2 ___ |  58 117 112 103  12  22 ___  98  89  93 110  45 | 106 137 ___  18 ___  81  20 ___  55  78 ___ ___ |  28  23 ___  71  25 ___ 109  82  80 ___ ___ 101 | 142 ___  13  50 ___ 128 102  52  37 125  49 ___ |
| ___  99 ___ 140 ___ 122  74 ___  48  88  27  64 |  71 ___  80 ___ 111  23  82  59  14  28 101 ___ | ___   1  95 ___  84  35 ___  67   6 ___  94  21 |  46 138 ___ ___  70 ___ 144  97  41 105 ___  26 | 132 ___  42 ___  31 ___  86  87 141 124 107  43 | ___ 127  63  78 137 ___ ___ 106 ___  20  66  18 | ___ ___ ___ 102  54  73 125  13  33  50 ___  52 |  34 139 ___  91  47  79 126  36 ___ ___   8 133 | ___  40  51  29 123 136  19  69 ___ ___   5 ___ |  92  85  32 ___ ___  30 ___ 129 ___ ___  77 143 | 117  12 115  22  58 103  93 110  89 112 ___ ___ | ___  17  38 ___  62  65 ___   9 119 ___   3 100 |
|  13  49 ___  33  73 102 142 128  54 ___  37 ___ | 136  57 ___  29  51 ___   5  69  19 ___ ___  61 |   9 ___ ___ 100  62  65  75 ___ ___ ___  38 ___ | ___  36 126  34 ___ 139 ___  76  96 ___ ___ 133 | 122 120 ___  74  24 140  88  27   4 ___  64  48 |  71 ___ ___ 118 109  23  80  25  28  59 111 101 |  20 ___ 106  83 127 ___  18 ___  63 ___  66  81 |  67  72 ___  84  10  15  94   1  95 113 ___ ___ | ___ ___ 108 ___ ___ 135  43 ___ 132 124 ___ 107 |  58  93 115 ___ ___  22  98  89 117 103 112 110 | 114 105  97 116 ___   7  11 ___ ___  41 ___  70 |  77 143 104  53 130 ___ ___  30  44  39  85  32 |
|  38   3 ___  17  62 ___  16  65 100  90 119  75 | 116  26 138   7  41 105 ___  46  97 114 ___  11 | ___ ___  66 127 ___ ___  18 ___ ___ 137  55  63 | ___ ___  60 ___  64 ___ 140 ___ ___ ___ 120 ___ | ___ ___  94 ___  35 ___ ___ ___ ___  72  10 113 | ___ 115 110 103 ___  12 ___  58 117 ___ 112 ___ |  44  85 ___ ___  32 130 ___ 104 143 ___ ___ ___ |  50  49  37  73 ___  52 ___ 102 142  54 ___ ___ | 133 126 ___  34  91  79  76 134  36 139 ___  47 |  57  61 ___ 121 123 136 ___  68 ___  29 ___   5 |  42 ___  43 135  31  86 ___   2 132 108  87 107 | 111  82  28 ___  23  25  80  71 ___ 101 ___  14 |
|  42 ___ 135 ___ 141 132 108  31  43 ___  87 107 | ___ 106  83  78  66 131  63 ___ 127  55  18 137 |  79 ___  96  76 ___ 133 ___  34 134 139 ___ ___ |  98  89 117 103  45 ___ ___ ___ 112  12  22  58 | ___ ___  40  51  57 ___ ___  69 123 ___ ___  19 |  52  54  33 ___ ___  73 102 128  13  37 142 ___ | ___  99  24 ___  48 ___ ___  60 ___  88 ___ 120 |   7 ___  46 105 ___ ___ 114 138 ___ ___ 144 ___ |  25 ___ 111 118  23  71  14  59  80 109 ___ ___ |  65   3 100  75 ___   9 ___ ___  38  90 ___  17 | 104 130 ___  30  92  53  85 ___ 129  77  44  39 |  95  21  94  67  84  35 ___  15   6  10 ___ 113 |
| 117  93  22 110  12  89 112  58 115 103  98 ___ |  15  35   1  67  95 ___  21   6 113  94  10  72 | ___  68  51 ___ 123  57 121 ___ ___ ___  40 ___ |  20  83  55  78 ___ ___ ___ 127  66 131 ___ 106 | ___  30 104  77  92 143  53 ___ ___  85 ___  32 |  79  76 ___  34 139  91  36 133 126 134  96 ___ |  46  11 ___ 138  97 105  70 ___ ___   7  41 116 | 118 109 ___  23 101  71  28  80 111 ___  82 ___ |  65  38  16 ___  62 ___ 100 119  56   3  17  75 |  24 ___  48  64   4 120  27 122  60  88  74 140 |  13  73 ___ ___ ___  50  49  33 102 142  37 125 | ___   2 ___  86 ___ ___ 132 135 ___ 107 124  43 |
|  40  61 136 ___ 123 ___  51 ___ ___ ___  69 ___ |  52 128 102  50 ___  73 ___  37  54  13 125  49 | ___ 138 ___ ___ ___  26  70   7 ___ ___ 114 144 | ___ 129 ___  53  39 ___ 143 ___ ___ 130 ___  92 |  80  71  28 ___ ___  82 118  59  23 ___ 101 ___ | ___  48 ___  88  99   4 122 ___  60  27 ___  64 |  87 124  31 132  43 141 ___  42   2  86 108 ___ | ___ ___  98 ___  45  22 117  89 112 115 110  58 | ___  55 ___  78 131  81 ___  20  83 ___  63  18 | ___  72 113  10  84  15   6 ___ ___  67  95  21 |  38 ___ 100 ___  65 ___   3  17 ___  16 119  75 |  96   8 ___  34  91 133  36  79 134  47 ___  76 |
| 114 ___ 116 144 105 138 ___  26  97 ___  46  70 |   9 ___ ___ ___  16  62  17 119 100  38 ___ ___ | 135 ___ 108 ___ 141 ___ 107 ___ ___ 124 ___ ___ | ___  80  28 118 101 109 ___ ___ 111  23  71 ___ |  89 ___ 117 112  58 110 103  98  12  93  45 115 |  15 113 ___  67  72  84   1  35  94 ___  95 ___ | 134 139 133  36  76 ___  47 126 ___  34  96  79 |  29 ___ ___ 123 ___ 136  40  68  51  19 ___  57 |  92 104  77  53 130 ___  32  44 129  85 ___  39 | 128  49  54 ___  73  52  37 ___ ___  50 142 ___ |  55 131 ___  81 ___ ___ 137 ___  83  66  20  18 | ___ 140 ___  88   4  24 122 ___  27  64 ___  48 |
| 104 ___  30 143 ___ 129  77  92  32  53 ___  39 |  79 ___  36  34  96 ___ ___ 134  76 126  47 139 | ___  80 ___ ___  23  25 101 118  59 109  28  82 |  37 102  13  50 125  49  33  54 ___ ___  52 ___ | ___   9 ___  16  65 ___ ___ ___  62   3  75 100 | 116 ___ ___ ___ ___ 105 138  26 114  46 ___ ___ |  98  93  58  89 ___  12  45 117 110 103 ___ ___ |  78 137  20 131 ___  81 ___ ___ ___ ___  63 106 | ___  94  95 ___  84  15 ___   6   1 ___  21 ___ |  31 ___ ___ ___ 141 135  87 132  42  86 108   2 |  60 ___ ___ 120 ___  88  99 140 122 ___  27  64 | ___   5  40  29 123  57 ___ 136  69 121 ___  19 |
|  28 ___ ___  82  23  80 111  25 ___ 118  59 101 | 120  24 ___  88  74   4 ___  27  48 ___  64  99 |  22  89 112 115  12  58  45 103  98  93 117 110 | 119 ___  38  90  75   3  17 100  16 ___   9  65 | ___ ___  55 ___ ___  63 ___  20 ___ 137  18 127 | 135  43   2 ___ ___ 141 ___  31  42  87 108 107 |  69  61  57 ___  19 123 ___  40 ___  29 ___ 136 |  53  85  44 130 ___  30 104 129  77  32 ___  92 | 128 ___ 142  50 ___  52  54  37 102  49  33 ___ | 133 139 ___  47  91 ___ 134  36 126 ___  96   8 |  94  84 113  15  35  67 ___  21   1 ___   6  10 |  41 144 114   7 105  26 138 ___ ___  70  11  97 |
+-------------------------------------------------+-------------------------------------------------+-------------------------------------------------+-------------------------------------------------+-------------------------------------------------+-------------------------------------------------+-------------------------------------------------+-------------------------------------------------+-------------------------------------------------+-------------------------------------------------+-------------------------------------------------+-------------------------------------------------+
|  20 114  66 ___ ___  18 ___ ___ ___ 127  26 105 | 108 135 ___  43  90 124 132  65  17 ___  62 ___ |  77  39 ___ ___  85  30 141  32  31  42  44 129 | ___ ___   6 113  23  28   1  82 118  72  95 ___ | ___ 142  37 103  52 102  54  58  49 117  12 110 | ___  21  68 ___ ___  61 121 136 ___ ___  67  84 | 133 126 ___ 101 ___ 109  91  59 ___ ___  34 111 | 100  40 ___   3 123 ___ 119 ___ ___   5  56   9 | 120  27 ___ ___  99  74 143  92 ___ 104 122 130 | 116  13  33  73 ___  41 128  70 ___  97 ___ 138 | ___ 139  63  96  79  76 ___  36  47  78 ___ 131 |  88  89  98 115  93  22 ___ 112 ___   4 ___ 140 |
| 119  40 ___ ___   3  75 ___   9 ___ 100  57 123 |  41 116  70  97  50  11 138 128  33  46  73  13 | ___  18 ___ 144 137  81 105 127  26 114 ___  83 | ___ ___  27 ___ 130 104 122 143 ___  99  74 120 | ___ ___ ___ 118  15   1 113  25  72 ___  23  82 | 112 ___  89 115  60  93  45  22  98 ___  88   4 |  31  42  30 ___ ___ ___ ___  44 129  32  86  77 | ___ 117  58 ___  12 142 ___ 125 ___ 110 102  52 |  79 134 ___ ___ ___ ___  63 106  47  55  36 ___ | 136 ___  21 ___  61  51  35 121  69 ___ ___  68 |  87 124  17 108 ___  43 ___ 132 107  90  65 ___ |  34  80  59 ___ 109  71 101 111 133 ___ 126 ___ |
|  69  94  51  68  61 ___  67 136  21  19 ___  84 | 142  52 125 ___ 103 ___ 102  58 110  37  12 ___ |  41 ___ ___  33  11 116  73 ___ ___  13  46 ___ |  31  39  44 ___ ___  42 ___ ___ ___ ___  77  30 | 101 ___  59  34  71  80 ___ 133 109 126  91   8 |  74 ___ 122  48 104  99  64 ___ ___ ___  53 130 |  65  38 ___ 107 ___ ___  62  87 132  43  90 108 | ___  60  24 ___   4 112 ___  45 ___ 140  89  22 |  81  20   7 127 137  66 144  26  18 114 ___ 105 |  15 ___  82 ___ ___  95  25  10   6 113 118   1 | 119   3 ___ ___ ___ 100  40  56 ___ ___  57 123 | ___ ___ 134  76 ___  79  47  96 106 131  55 ___ |
|  44  42  77 129  85  39  86 ___   2 ___  31 ___ |  96  79  47  76  78 ___  36 106 ___ 134 131  55 | 111 ___  34   8 109  71  91  14 133 126 ___ ___ |  58 ___ ___  54 ___ 117 ___ 110 ___  49 ___  52 |  75  16 119  29 ___  56 ___  57   3 ___ 123   5 |  41 ___ 138  97  13  11  70 ___ ___ 128  50  73 |  24  60 ___  45 140  93   4  98  89 ___  88 ___ | ___ ___  26 137 105  66 ___  18 ___ ___  83  81 |  15   6 118 113 ___  95 ___  25  10  28   1  23 | 135  38  17  62 124 ___  65 107 ___  43 ___ 132 |  27  99 143 ___ 120  48 104 122  64  53  92 ___ | ___ ___  69  19  61 136 121 ___  35 ___  94 ___ |
|  27 ___  74 122  99  64  53 ___ ___  48  92 130 | 111 ___ 101 ___ ___ ___  80 133   8  59  91 126 | ___  10 118 ___  72  15 ___ 113  25  28   6   1 | ___  70 ___ ___  73  13 138  33  50  11  41 ___ | 107 ___ ___ ___ ___ 132  43  65 124  38  62 ___ |  66 144 ___ 127 114 137 ___  81 ___  26   7 ___ |  58 117  52 125 ___ ___ ___ ___ ___  54 ___ 142 |  76 ___ ___ ___ 131 ___ 134 ___  78  63  36 ___ | 136  69  67  19  61  51 ___  35 121 ___  68  84 |  30  42   2 ___  85  77  31 ___ ___  32  86 129 |  98 ___ 140 112 ___ 115  60  89 ___ ___ ___ ___ |  29 ___ 119 100 ___ ___ ___  16  57 ___  40   5 |
| ___ ___ 112  89  93 ___  88  22 140 115  24 ___ |  95  15  10 113 118  72   1 ___ ___   6 ___  28 | ___ 121  67  21  61 136  84  19 ___  94  69  68 | ___  18  20 ___ 105 114 ___ 144   7 137  66  81 |  39  77  44 ___ ___ 129  32 ___  85  42 ___   2 | ___  63  36  76  55 139  47 ___ 134 ___  78 131 | ___  13 116  70  33  11  73  46 ___  97 ___  41 |  14 126 ___ 109  91 111  59 ___  34   8  80  71 |   9 119  29 100   3  16 ___  57  75 ___ ___ 123 | 120 ___ ___ 130 ___  74 ___  64 ___  48  53 122 | ___  49 110 142  52 ___ 117 ___ ___ 103 ___  12 |  90 132  87 ___ 124 ___ 107 ___  65  62  38  17 |
|  37 ___ ___ 102  49 ___ 103  52 110  54  58  12 |  51 136 121  19 ___  61  68  35  21  69  84  94 | ___  75 ___   5   3 ___ 123 ___  57  40 ___  56 | ___  47 ___  76 ___  55 ___  63  78 139 ___ ___ |  64  74  27  53 120 ___  48  92  99 104 130 143 | ___ ___  80  14 ___ 109 ___ ___ ___ ___ ___  91 |  26 114  81  18 144 137 105 ___  83 127   7  66 | ___  28  25 ___  23  95   6  10 ___  82   1  15 | 135  87  90  43 ___ ___  17  65 107  38 132  62 | ___  60 ___   4  93 ___  24  45  98 ___  88  89 | ___  11 ___  41 116 ___  13 138 ___  50 128  73 |  86 129  44  32  85  30  39  77  31 141  42 ___ |
|  87  38 ___ ___ 124 ___ ___ 135 ___  43 ___ ___ |  66  81  18 127   7 137  83  26 ___  20 105 ___ | ___  47  78  63 139  79 131  76 106 ___ 134 ___ |  24  45 ___ 115   4 ___  89 140 ___  93 112 ___ | ___  51  69  67 ___  68  19  35  61  94 ___ ___ | 142 110 102  54 ___  49 125 ___  37  58 ___ ___ |  92 104 ___  64 143  99 130  27 122 ___ ___  74 |  97  13 ___  11 ___ ___  46 ___  50  33 ___ 116 |  71 ___  34  14 109 111   8 133 101 126 ___  91 |   9 ___   5 ___ ___  16  57  75 ___ 100  29  56 | ___  85   2  77  30  32  42 129  39  86 ___ 141 | 118   1   6 113  72  15  10 ___  25  23  28 ___ |
|  46 ___  41 ___  11  70  50 116  33 ___ 128  73 |  16   9  75 100  29   3  56  57 ___ 119 123  40 | 108 ___  90  17 ___ ___ ___  43 ___  38  87 ___ | ___ 101 ___ ___ ___ 126 ___   8 ___ ___ 111 ___ |  45 112  98  88  22  89 115  24 ___ ___   4 140 |  95  82   1 ___  28  72  10  15 ___  25 ___  23 | 106 ___  79  47  63 139 ___ 134  36 ___  78  96 |  19 ___ ___ ___  84 ___  69 121  67  21  68 ___ | ___  44 ___  32  85 ___   2 ___  39 ___ 129 141 |  52 117 110  12  49 142  58 125  37  54 103 ___ | ___ 137 144 ___ ___ 127 114  83  18   7 ___ 105 |  53 122  27  48  99 120 ___  74  92 130 104 ___ |
|   6  28  95 ___  72  10 118  15  82 113  25  23 | 112  22  45 115  88 ___  89  24 140  98   4  60 | 142 125 103 110  49 ___  12  54  58 117  37 102 |  65 ___  87  43  62  38 ___  17 ___ ___ 108 135 |  47  96 ___ ___  79  36  76 106 139  55 131 ___ |  77   2 129  32  42 ___ ___  30  44 ___  86 141 | ___  40   9  75   5 ___ 123 119  56 100 ___ ___ |  48 104  92  99 ___  74 ___ ___  53 143 122 120 | 116 ___ ___ ___ ___ ___  33 128 ___  13 138 ___ |  71 ___ ___  91 ___ ___ ___ ___  59  14 ___  80 | ___ ___ ___  51 136 ___  94  68 121  67  35 ___ | ___ ___  20 127 137 ___ ___ ___  26 ___ ___ 144 |
| 134  55  96  36 ___  47  78 ___ ___  76 106 131 |  77 ___  39  32  86  85 129 ___ ___ ___ 141  42 | ___  64  53 143 ___ 120 ___ ___  92 ___  27 ___ | ___ 121  69  19 ___  94  68  21  67  61  51 136 |  70 ___  46 ___ 116 138  97 128  11 ___  73 ___ | ___ ___ ___ 100  40   3  75 ___ 119  57  29 ___ | ___ ___  15  10  82  72  23 ___ ___ 113 ___  95 |  43 ___  65 124  62 ___  87 107  90  17 132 135 |  22  98  88 115  93 112 ___ ___  45  60  89   4 | ___ ___ 144 ___ 137 ___  26  18  20 127   7  83 | ___ 109 ___ ___  71 ___ 126  80 101 ___ 133  91 | 103 102  37  54  49 ___ 125 142  58  12 117 ___ |
|  59 ___ ___  80 109 101  34  71   8  14 133 ___ | ___ 120 ___ ___ ___  99 122  92 143  27 130 104 | ___  45  88 140  93  22   4 115  24 ___  98 ___ |  57  75 ___ 100 123 ___  56   5  29   3  16   9 |  18  66  20 ___  81  83 127  26 137 114 105 ___ | 108  17 132 ___  38 124 107 135  87  65 ___  62 |  35  94 136 121  21 ___ ___  69 ___  19  67 ___ |  32  42  31 ___ 141  77  44  39  86   2 129  30 |  52  37 ___  54  49 142 ___ ___ 125 117 102 ___ | ___  55  63 131 139 ___ 106  47 134  76 ___  36 |   6  72  82  95  15 113  28   1 ___ 118 ___  23 |  50 138  46  97 ___ 116 ___ ___ ___ ___  13  33 |
+-------------------------------------------------+-------------------------------------------------+-------------------------------------------------+-------------------------------------------------+-------------------------------------------------+-------------------------------------------------+-------------------------------------------------+-------------------------------------------------+-------------------------------------------------+-------------------------------------------------+-------------------------------------------------+-------------------------------------------------+
|  63 127 131 106  78  81 137  47  20 ___ ___  66 | ___  39 135  42 124 ___  31 132 ___   2 108  43 | 130 ___ ___  44  53  64  77 104 ___  32 143 ___ |   1  15  21  94  95 ___  35 ___  72 ___  84 121 |  52 ___ ___  49 ___ 128  13 102  50  54 ___  37 | 123  69  57  40  19  29 136  75   5  68  61  51 |  80  14  10  71  59 ___ ___  82  25 ___ 109 ___ |  38 100  56  90 ___  62  17 ___   3 119  65 107 | ___ 140 ___  60 ___   4 ___ 122 ___  48  24  74 |  18 ___ ___  41   7 105 ___ 116 144 ___ ___  26 | ___  34 134 ___ 101 126  76 133  79 139 ___ ___ |  93  58 110 117 103 125 ___ ___  89 ___ 115  98 |
|  33  54  73 128  50  52  49  70 ___ ___ 102 142 | 123 ___ ___  40 ___  29  57  68 ___   5  51  19 |  62   9   3 119 ___ 107  16 ___  56 ___ ___  65 |  36 ___   8 126 ___ ___ 133 134 139  34  91 101 | 120   4 140 ___  45  24  60 ___  88  48  74  27 |  23  59  25  28  14 118  71  10  82  80 109 111 |  83 127  47 ___  20  78  66  63 106 ___ 137 ___ |  94 113   1  67  95  84  21  15  72   6  35 121 |  39   2 124  42  86 141  87 132 135 ___ ___ 108 | ___ 115 ___ 112 103  12  89  22 110 117  93 ___ | 144   7 ___ ___ ___ ___  97  26 ___  11 138 ___ |  85 ___ 143 104 ___  64 ___ 130 ___ ___ ___ ___ |
|   2  43 141  31  86 135 124  39  87  42 132 108 | ___  47  81  55 137  78 106  83  20  63 ___ 127 |  91  79 139 134 ___ ___  96 126  36  76 ___ ___ |  89  22 110 ___ 112 ___  58  98  93 ___  12 125 | 136 123   5 ___  75  57  40  68  29 ___ ___  69 |  73 ___ 128  13 ___  50 ___ ___ ___ 102  49 ___ | ___  48  45 ___  27 ___  74 140  24  60  99   4 | ___  97 138   7  41 105 144 116 ___  46  26 ___ |  10  82 109  28 118 ___ ___  80 ___  14 ___ ___ | 107 ___ ___  16  90 ___ ___   9  17 ___ ___  65 | ___ ___  44 ___  64 104  32  92  30  85 ___ ___ | ___  35  21 ___  67 ___  15  84   1  95 ___   6 |
| ___  48 ___  24  88 120 ___ ___  27  60 122  74 |  23  10 ___  28 109 ___  25 ___  59  82 ___ ___ |  84  15 ___   6  67 121  95  94   1 113  21  35 | ___ 116 144 ___  41 ___ ___  46  11 ___ 105  18 | 135 141 ___ 124  39  31 ___ 132  86  43 108  87 | 131  20 106  55 127  78 ___  47  63 ___ 137  66 | 102  54 ___  52  37  50 142  33 128  13 ___  73 | 126  76 ___ ___  96 ___   8  79 ___ ___ ___ 101 |  75 ___ ___  40  29 123  69  68 136  19  57  51 |  64  32 ___  77  53 ___ 129  30 143 104  85 ___ | 110 103 ___  12 125 117 115 ___  22  93 ___ ___ | ___  65  17  38  90 ___ ___ ___  56  16 100 119 |
| ___ ___  12 ___ 103  22  93 ___ ___ 117  89 ___ |  84 ___ ___  94  72 ___  35   1   6  21  95 113 | 123 ___ ___  69  29 ___  51  40  68  19   5 ___ |  83 ___  63 ___  66 127 106 ___ 137 ___ ___  47 | ___ 130 143  85  64 ___ 104 ___  53 ___  77  44 |  91 ___ ___ 126  76  34  79 101 ___  36 139 ___ | ___  97  18 116  46 ___ ___ 144  26 114  11 105 |  28 ___ ___ ___ ___ ___ ___  71 109  59  25  10 | 107 ___   3  38  90  62 119 ___   9 100 ___  16 |  45  48  27  74  88 ___ 122 120 140  60 ___  24 |  33 ___  37  73  70 ___  54 128 ___  49 102 ___ | ___ ___ ___  42  86 ___ ___ 141 132 108 ___  87 |
| ___  32 130 ___  53 ___  85  64 ___ 104 129  77 |  91 101 ___ 126 ___ ___ 133 ___ 134 ___  96  76 |  23  71 109  59 ___  10 ___  28  80  14 ___  25 | 102  52 ___  13 142  54 ___  37  49  50  73  70 |   9  62  17   3 107  65  38 ___ ___ ___  16 119 | 105  46  26 114  97   7 116  18 ___ 138  11  41 |  89 ___ 125  22 ___ ___ ___ 110 ___ ___  93  12 |  55 127  83  78 ___ 131 ___  81 137  20 ___  47 | 121  21 ___ ___ ___  84   6 ___  15 113 ___ ___ | ___ ___  87 108  86 141 132 135   2  42 124  31 | 140  88  27   4  45  60  48  24 120  99 122  74 |  61  57   5 ___  29 ___ ___ 123  68 ___  19 ___ |
| 144  97 ___ ___   7 116 ___  18  46 114 138 ___ |  62 107   9  38   3 ___  65 ___ 119  17  16 100 | ___ 135 124  87 ___ ___ 108  42 132  43 ___  31 |  80  71  82  28 ___ ___  25  59 ___ 118  23  10 |  22  12 ___ ___ 125  58 ___  89 ___ ___ ___  98 |  84   6  35  94 113 ___  15 121  21   1  72  95 | ___  76 101  79 134  34 ___   8 133 ___ 139  91 |  40  19 ___  29  51 123   5 136  61  69  57  75 |  64 143  85 ___  53 130 ___ 129  30  32  92  77 |  70 ___  37 ___  50 ___ ___  52 ___  13  49 128 |  63 ___  20 ___  47  55 ___ ___  81 ___ ___  66 |  99  24 140  60  88  45 120 ___ 122 ___  48  27 |
|   5 ___ ___  57 ___ ___  61 ___  69 ___ ___ ___ |  73  70  52 ___  49  50 128 102  37  33 ___  54 | 105 ___ ___  46   7  18  41 114 138  97 144  26 | ___ ___ ___ 104  77 ___  92 ___  85 ___ 130  64 |  71 ___ ___ 109  10 ___  28  80 118  14 111 ___ | ___ ___  24 ___  48  88 ___  45 ___ ___  99  74 | ___  43  39 135  87  86 108   2 ___  42 124 ___ | 117 115  89 103 112  12 110  22 ___  98  58 ___ | ___  63 137  55 ___ ___ ___  83 ___ ___ ___  66 | ___ ___   6 ___ ___  84 ___  15  21  94  72  35 |  17  90 119  62 107  38 100  65   9   3 ___ ___ | 139 ___   8 126  34 101  79  91 ___ ___  76 134 |
|   8  76  91 133 ___ ___ 139 101 ___ 126  36 ___ | 130 ___  30 104 ___  53  92 129  44 ___  77  32 | ___ 120  99  27  88  45 ___  60 122  48 140  24 | ___ 136   5  40  51 ___  57 ___  61  29 ___  75 | 116 ___ 144  11  18 ___ ___ 138 ___  97  41  46 |  62 119 ___ ___ 100 ___ ___ ___ ___  56   3  16 |   1 113 121  15 ___  67 ___ ___  35  94  72 ___ |  42  43 ___  86 ___ 141   2 135 124  87 ___  39 | 125 110 ___ ___ ___ ___  98 ___  22 115 ___ 112 |  47 127 ___  66  78 131  83  81  63  55 137 ___ |  82 118 ___  23  10  28 ___  25 ___ 109 ___ 111 | ___ ___ ___  13 ___  70  52 ___ ___ 142  54  37 |
|  21 113 ___ ___  67  15  72 121   6  94 ___ ___ |  12 125  22 117  93 103  58  89  98 110 ___ 115 |  73 ___ ___  37  50  70 142  13 ___  54  33 128 | 132 135   2  42 ___  43  31  87 124  86 141  39 | ___ ___   8 ___ 101 133 126  36  34  76 ___ 134 | 130 ___  92 104 ___  53  30  64 143 129  85  77 | ___ 100 107   9 119  90 ___  17 ___  38   3  62 |  60  48 122  88  74 ___ ___ 120 ___ ___ ___  45 |  18 ___  11 ___   7 105 ___ 138 116  97  26  41 |  10  14  59 ___ 118  23  80 ___  82 ___ 109  25 | ___  29  69 123  75  40 ___ ___ 136  61  68 ___ | 137 ___  63 ___ ___  47 ___ ___  83  66 127 ___ |
|  82  14  23 ___ 118  71 ___ ___  59 ___  80 ___ | ___  45 120  60  99 ___ ___ ___  27 140  74  48 |  12  22  93  98 103 ___ 112 117 ___ 115 110  58 |  56   9  17 ___  16 100  65 ___ ___  90  62 107 |  81 131 ___ ___  47 106 ___  83 ___ 127  66 ___ | ___ ___  31  42  43 ___ 135  39   2 ___ ___ ___ | ___  19 ___ ___  69  29  51   5  57  40  61 123 | ___  32 129  53  77 130 143 ___ ___  44  92 ___ | ___ ___  49  13  50  73  37 102  52  54 ___ 142 | 101  76 ___  96  34  91  36  79 ___ ___ 139 133 |  21 ___   6 ___ ___ ___ 113  35  15 ___   1  95 | ___ ___ ___ 114   7  18 116 105 138  41  97  46 |
| ___ 100 ___  65  90 ___ ___ ___ ___ ___  56  16 | 105  18 ___ 114  11   7  26 ___ ___ ___  41 ___ | 131  81 ___  20  78  47 ___  55  83 127 ___ ___ | ___ 120 140 ___  74  48  24  27  99  88   4 ___ |  15  84  21 ___ 121 ___  94 ___  67 113  95   6 | ___  98 ___ 117 115 103 ___ 125 110  89 ___ 112 | ___  32 ___ ___ ___ ___  77 143 ___ 104 ___ 130 |  13 ___ 102  50 142 ___  33  52  49  37 128  70 | 101 ___ 139 126  34 ___ 134  36  79 ___ 133  96 | ___ ___  69  51  29 ___  68 ___ ___  40 ___  57 |   2 ___  87 141  39  42 ___  31 135 124 132 ___ | 109  25  82  28 118  10  71  23  80 ___ ___ ___ |
+-------------------------------------------------+-------------------------------------------------+-------------------------------------------------+-------------------------------------------------+-------------------------------------------------+-------------------------------------------------+-------------------------------------------------+-------------------------------------------------+-------------------------------------------------+-------------------------------------------------+-------------------------------------------------+-------------------------------------------------+
