+----------------------+----------------------+----------------------+----------------------+----------------------+----------------------+----------------------+
|  9 13 33 11 49 36 10 | 22 15 24 31 37 14 21 | 29 23 35  8 38  6 42 |  7 12 41 16  1 45 17 |  3 40  5 32 44 27 39 | 26 47 19  2 18 20 28 | 34  4 43 30 25 48 46 |
|  7 41 45  1 17 16 12 | 49 11 13  9 10 33 36 | 31 24 21 22 37 15 14 | 46 25 34  4 30 48 43 | 38  8 29 23 35 42  6 | 40 39 32 44  3 27  5 | 19  2 26 47 18 20 28 |
|  5 32 27 39 40 44  3 | 26 47 19 28 18 20  2 | 46 34  4 43 25 30 48 | 29 38 23 35  6 42  8 | 12 17  7 41 16 45  1 | 49 11 13 36 10 33  9 | 24 21 22 15 37 14 31 |
| 29 23 42  6  8 35 38 | 40 39 32  5  3 27 44 | 28 19  2 26 18 47 20 | 31 37 24 21 15 14 22 | 25 43 46 34  4 48 30 | 17  1 41 16 12 45  7 | 13 36 49 11 10 33  9 |
| 46 34 48 30 43  4 25 | 17  1 41  7 12 45 16 |  9 13 36 49 10 11 33 | 28 18 19  2 47 20 26 | 37 22 31 24 21 14 15 |  8  6 23 35 38 42 29 | 32 44 40 39  3 27  5 |
| 31 24 14 15 22 21 37 |  8  6 23 29 38 42 35 |  5 32 44 40  3 39 27 |  9 10 13 36 11 33 49 | 18 26 28 19  2 20 47 | 43 30 34  4 25 48 46 | 41 16 17  1 12 45  7 |
| 28 19 20 47 26  2 18 | 43 30 34 46 25 48  4 |  7 41 16 17 12  1 45 |  5  3 32 44 39 27 40 | 10 49  9 13 36 33 11 | 22 15 24 21 37 14 31 | 23 35  8  6 38 42 29 |
+----------------------+----------------------+----------------------+----------------------+----------------------+----------------------+----------------------+
| 25  1  7 17 45 41 16 | 33 49 11 12 36  9 13 | 10 15 24 14 21 22 31 | 18  4 30 34 43 46 48 | 35 42 37  6 23 29  8 | 27 40 39 32 44  5 38 | 47 19 20 26  2 28  3 |
|  3 47 28 26 20 19  2 | 48 43 30 18  4 46 34 | 25  1 41 45 16 17  7 | 38 44 39 32 40  5 27 | 36 33 12 11 13  9 49 | 14 22 15 24 21 31 10 |  6 23 42  8 35 29 37 |
| 12 11  9 49 33 13 36 | 14 22 15 10 21 31 24 | 37  6 23 42 35  8 29 | 25 16  1 41 17  7 45 | 44 27 38 39 32  5 40 | 20 26 47 19  2 28  3 | 30 34 48 43  4 46 18 |
| 38 39  5 40 27 32 44 | 20 26 47  3  2 28 19 | 18 30 34 48  4 43 46 | 37 35  6 23  8 29 42 | 16 45 25  1 41  7 17 | 33 49 11 13 36  9 12 | 15 24 14 22 21 31 10 |
| 37  6 29  8 42 23 35 | 27 40 39 38 44  5 32 |  3 47 19 20  2 26 28 | 10 21 15 24 22 31 14 |  4 48 18 30 34 46 43 | 45 17  1 41 16  7 25 | 11 13 33 49 36  9 12 |
| 10 15 31 22 14 24 21 | 42  8  6 37 35 29 23 | 38 39 32 27 44 40  5 | 12 36 11 13 49  9 33 |  2 20  3 47 19 28 26 | 48 43 30 34  4 46 18 |  1 41 45 17 16  7 25 |
| 18 30 46 43 48 34  4 | 45 17  1 25 16  7 41 | 12 11 13 33 36 49  9 |  3  2 47 19 26 28 20 | 21 14 10 15 24 31 22 | 42  8  6 23 35 29 37 | 39 32 27 40 44  5 38 |
+----------------------+----------------------+----------------------+----------------------+----------------------+----------------------+----------------------+
| 23 27 35  5 38 40 39 |  3 28 20 32 47 44 26 | 19 48 43 18 30 46  2 | 24  6 42  8 29 21 37 |  1 25 34 45 17  4  7 | 12  9 33 49 11 16 41 | 14 22 10 31 15 36 13 |
| 32 20 44 28  3 26 47 | 18 46 48 19 30  2 43 | 34 45 17 25  1  7  4 | 23 39 27 40  5 35 38 | 11 12 41 33 49 16  9 | 10 31 14 22 15 36 13 | 42  8 37 29  6 21 24 |
| 41 33 16  9 12 49 11 | 10 31 14 13 15 36 22 | 24 42  8 37  6 29 21 | 34  1 45 17  7  4 25 | 39 38 23 27 40 35  5 |  3 28 20 26 47 44 32 | 48 43 18 46 30  2 19 |
| 34 45  4  7 25 17  1 | 12  9 33 41 11 16 49 | 13 14 22 10 15 31 36 | 19 30 48 43 46  2 18 |  6 37 24 42  8 21 29 | 38  5 27 40 39 35 23 | 20 26  3 28 47 44 32 |
| 24 42 21 29 37  8  6 | 38  5 27 23 39 35 40 | 32 20 26  3 47 28 44 | 13 15 14 22 31 36 10 | 30 18 19 48 43  2 46 | 25  7 45 17  1  4 34 | 33 49 12  9 11 16 41 |
| 13 14 36 31 10 22 15 | 37 29 42 24  6 21  8 | 23 27 40 38 39  5 35 | 41 11 33 49  9 16 12 | 47  3 32 20 26 44 28 | 18 46 48 43 30  2 19 | 45 17 25  7  1  4 34 |
| 19 48  2 46 18 43 30 | 25  7 45 34  1  4 17 | 41 33 49 12 11  9 16 | 32 47 20 26 28 44  3 | 15 10 13 14 22 36 31 | 37 29 42  8  6 21 24 | 27 40 38  5 39 35 23 |
+----------------------+----------------------+----------------------+----------------------+----------------------+----------------------+----------------------+
| 39 28 32  3 44 20 26 |  2 18 46 47 43 19 48 | 30  7 45  4 17 25 34 |  6 40  5 27 38 23 35 | 49 16  1  9 33 41 12 | 36 10 31 14 22 13 11 | 29 42 21 37  8 24 15 |
| 47 46 19 18  2 48 43 |  4 25  7 30 17 34 45 |  1  9 33 16 49 12 41 | 39 26 28 20  3 32 44 | 22 36 11 31 14 13 10 | 21 37 29 42  8 24 15 |  5 27 35 38 40 23  6 |
| 11 31 13 10 36 14 22 | 21 37 29 15  8 24 42 |  6  5 27 35 40 38 23 |  1 49  9 33 12 41 16 | 26 44 39 28 20 32  3 |  2 18 46 48 43 19 47 |  7 45  4 25 17 34 30 |
| 30  7 34 25  4 45 17 | 16 12  9  1 49 41 33 | 11 31 14 36 22 10 13 | 47 43 46 48 18 19  2 |  8 21 15 29 42 24 37 | 35 38  5 27 40 23  6 | 28 20 44  3 26 32 39 |
|  6  5 23 38 35 27 40 | 44  3 28 39 26 32 20 | 47 46 48  2 43 18 19 | 15  8 29 42 37 24 21 | 17  4 30  7 45 34 25 | 16 12  9 33 49 41  1 | 31 14 36 10 22 13 11 |
|  1  9 41 12 16 33 49 | 36 10 31 11 22 13 14 | 15 29 42 21  8 37 24 | 30 17  7 45 25 34  4 | 40 35  6  5 27 23 38 | 44  3 28 20 26 32 39 | 46 48  2 18 43 19 47 |
| 15 29 24 37 21 42  8 | 35 38  5  6 40 23 27 | 39 28 20 44 26  3 32 | 11 22 31 14 10 13 36 | 43  2 47 46 48 19 18 |  4 25  7 45 17 34 30 |  9 33 16 12 49 41  1 |
+----------------------+----------------------+----------------------+----------------------+----------------------+----------------------+----------------------+
| 17 12  1 16 41  9 33 | 13 36 10 49 14 11 31 | 22 37 29 24 42 21 15 | 43 45 25  7  4 30 34 | 27 23  8 38  5  6 35 | 32 44  3 28 20 39 40 | 18 46 19  2 48 47 26 |
| 26 18 47  2 19 46 48 | 34  4 25 43 45 30  7 | 17 12  9 41 33 16  1 | 40 20  3 28 44 39 32 | 14 13 49 10 31 11 36 | 24 21 37 29 42 15 22 | 38  5 23 35 27  6  8 |
| 40  3 39 44 32 28 20 | 19  2 18 26 48 47 46 | 43 25  7 34 45  4 30 |  8 27 38  5 35  6 23 | 33 41 17 12  9  1 16 | 13 36 10 31 14 11 49 | 37 29 24 21 42 15 22 |
|  8 38  6 35 23  5 27 | 32 44  3 40 20 39 28 | 26 18 46 19 48  2 47 | 22 42 37 29 21 15 24 | 45 34 43 25  7 30  4 | 41 16 12  9 33  1 17 | 10 31 13 36 14 11 49 |
| 49 10 11 36 13 31 14 | 24 21 37 22 42 15 29 |  8 38  5 23 27 35  6 | 17 33 12  9 16  1 41 | 20 32 40  3 28 39 44 | 19  2 18 46 48 47 26 | 25  7 34  4 45 30 43 |
| 43 25 30  4 34  7 45 | 41 16 12 17 33  1  9 | 49 10 31 13 14 36 11 | 26 48 18 46  2 47 19 | 42 24 22 37 29 15 21 | 23 35 38  5 27  6  8 |  3 28 32 44 20 39 40 |
| 22 37 15 21 24 29 42 | 23 35 38  8 27  6  5 | 40  3 28 32 20 44 39 | 49 14 10 31 36 11 13 | 48 19 26 18 46 47  2 | 34  4 25  7 45 30 43 | 12  9 41 16 33  1 17 |
+----------------------+----------------------+----------------------+----------------------+----------------------+----------------------+----------------------+
| 35 40 38 27  5 39 32 | 28 20 26 44 19  3 47 |  2 43 30 46 34 48 18 | 21 23  8  6 42 37 29 | 41  7  4 17  1 25 45 |  9 33 49 11 13 12 16 | 22 15 31 14 24 10 36 |
|  2 43 18 48 46 30 34 |  7 45 17  4 41 25  1 | 16 49 11  9 13 33 12 | 44 19 26 47 20  3 28 | 24 31 36 22 15 10 14 | 29 42  8  6 23 37 21 | 40 39  5 27 32 38 35 |
| 44 26  3 20 28 47 19 | 46 48 43  2 34 18 30 |  4 17  1  7 41 45 25 | 35 32 40 39 27 38  5 | 13  9 16 49 11 12 33 | 31 14 22 15 24 10 36 |  8  6 29 42 23 37 21 |
| 16 49 12 33  9 11 13 | 31 14 22 36 24 10 15 | 21  8  6 29 23 42 37 |  4 41 17  1 45 25  7 | 32  5 35 40 39 38 27 | 28 20 26 47 19  3 44 | 43 30 46 48 34 18  2 |
| 36 22 10 14 31 15 24 | 29 42  8 21 23 37  6 | 35 40 39  5 32 27 38 | 16 13 49 11 33 12  9 | 19 28 44 26 47  3 20 | 46 48 43 30 34 18  2 | 17  1  7 45 41 25  4 |
| 21  8 37 42 29  6 23 |  5 27 40 35 32 38 39 | 44 26 47 28 19 20  3 | 36 24 22 15 14 10 31 | 34 46  2 43 30 18 48 |  7 45 17  1 41 25  4 | 49 11  9 33 13 12 16 |
|  4 17 25 45  7  1 41 |  9 33 49 16 13 12 11 | 36 22 15 31 24 14 10 |  2 34 43 30 48 18 46 | 23 29 21  8  6 37 42 |  5 27 40 39 32 38 35 | 26 47 28 20 19  3 44 |
+----------------------+----------------------+----------------------+----------------------+----------------------+----------------------+----------------------+
| 48  4 43 34 30 25  7 |  1 41 16 45  9 17 12 | 33 36 10 11 31 13 49 | 20 46  2 18 19 26 47 | 29 15 14 21 37 22 24 |  6 23 35 38  5  8 42 | 44  3 39 32 28 40 27 |
| 27 44 40 32 39  3 28 | 47 19  2 20 46 26 18 | 48  4 25 30  7 34 43 | 42  5 35 38 23  8  6 |  9  1 45 16 12 17 41 | 11 13 36 10 31 49 33 | 21 37 15 24 29 22 14 |
| 42 35  8 23  6 38  5 | 39 32 44 27 28 40  3 | 20  2 18 47 46 19 26 | 14 29 21 37 24 22 15 |  7 30 48  4 25 43 34 |  1 41 16 12  9 17 45 | 36 10 11 13 31 49 33 |
| 45 16 17 41  1 12  9 | 11 13 36 33 31 49 10 | 14 21 37 15 29 24 22 | 48  7  4 25 34 43 30 |  5  6 42 35 38  8 23 | 39 32 44  3 28 40 27 |  2 18 47 19 46 26 20 |
| 20  2 26 19 47 18 46 | 30 34  4 48  7 43 25 | 45 16 12  1  9 41 17 | 27 28 44  3 32 40 39 | 31 11 33 36 10 49 13 | 15 24 21 37 29 22 14 | 35 38  6 23  5  8 42 |
| 14 21 22 24 15 37 29 |  6 23 35 42  5  8 38 | 27 44  3 39 28 32 40 | 33 31 36 10 13 49 11 | 46 47 20  2 18 26 19 | 30 34  4 25  7 43 48 | 16 12  1 41  9 17 45 |
| 33 36 49 13 11 10 31 | 15 24 21 14 29 22 37 | 42 35 38  6  5 23  8 | 45  9 16 12 41 17  1 | 28 39 27 44  3 40 32 | 47 19  2 18 46 26 20 |  4 25 30 34  7 43 48 |
+----------------------+----------------------+----------------------+----------------------+----------------------+----------------------+----------------------+
