+----------------------+----------------------+----------------------+----------------------+----------------------+----------------------+----------------------+
| 33 18 37 35 44 43 15 | 42 16  9 20  8 45  4 |  7 11 41 14 30 10 22 | 19 23 17 39 28  3 47 | 25  2 46 31 38  1 49 | 36 12 40 13 24 48 21 |  6  5 26 34 27 29 32 |
| 24 21 36 48 12 40 13 | 44 18 35 43 33 15 37 | 31 38 25 46  2  1 49 | 26  6  5 34 27 32 29 | 16 20  4 42 45  9  8 | 23 39 28  3 47 17 19 | 14 10 41  7 30 22 11 |
| 49 25 46  1 31  2 38 |  7 41 10 30 22 11 14 | 39  3 19 23 28 17 47 | 18 37 35 44 43 15 33 | 26 27  6 34 32  5 29 |  4 42 20 45  8  9 16 | 36 48 21 12 40 24 13 |
| 29 26  6  5 34 27 32 | 39 19 17 28 47  3 23 | 44 15 18 37 43 35 33 | 25 46  1 31  2 38 49 | 21 40 36 12 13 48 24 | 14  7 30 11 22 10 41 |  4  9 16 42 20  8 45 |
|  8 16  4  9 42 20 45 | 31 25  1  2 49 38 46 | 34 32 26  6 27  5 29 | 21 36 48 12 40 13 24 | 41 30 14  7 11 10 22 | 37 44 43 15 33 35 18 | 23 17 19 39 28 47  3 |
| 47 19 23 17 39 28  3 | 12 21 48 40 24 13 36 | 42 45 16  4 20  9  8 | 41 14 10  7 30 11 22 | 18 43 37 44 15 35 33 |  6 34 27 32 29  5 26 | 46  1 25 31  2 49 38 |
| 22 41 14 10  7 30 11 | 34 26  5 27 29 32  6 | 12 13 21 36 40 48 24 | 16  4  9 42 20 45  8 | 19 28 23 39  3 17 47 | 46 31  2 38 49  1 25 | 37 35 18 44 43 33 15 |
+----------------------+----------------------+----------------------+----------------------+----------------------+----------------------+----------------------+
| 11 46 30  7 41 22 10 | 26 14 34 29 32  5 27 | 21 48 23 40 24 12 13 | 37 20 42 16  8  9 45 |  6 47 28 19 17 39  3 |  2 25 49  1 38 31  4 | 43 44 36 18 33 15 35 |
| 45 37 20 42 16  8  9 | 25  4 31 49 38  1  2 | 26  5 14 27 29 34 32 | 23 40 12 21 24 48 13 | 46 22 30 41 10  7 11 | 43 18 33 35 15 44 36 | 28 39  6 19 47  3 17 |
| 15 36 43 44 18 33 35 | 16 37 42  8 45  9 20 | 41 10 46 30 22  7 11 |  6 28 39 19 47 17  3 |  4 49  2 25  1 31 38 | 40 21 24 48 13 12 23 | 27 34 14 26 29 32  5 |
| 32 14 27 34 26 29  5 | 19  6 39 47  3 17 28 | 18 35 36 43 33 44 15 |  4  2 31 25 49  1 38 | 23 24 40 21 48 12 13 | 30 41 22 10 11  7 46 | 20 42 37 16  8 45  9 |
| 13 23 40 12 21 24 48 | 18 36 44 33 15 35 43 | 25  1  4  2 49 31 38 | 14 27 34 26 29  5 32 | 37  8 20 16  9 42 45 | 28 19 47 17  3 39  6 | 30  7 46 41 22 11 10 |
| 38  4  2 31 25 49  1 | 41 46  7 22 11 10 30 | 19 17  6 28 47 39  3 | 36 43 44 18 33 35 15 | 14 29 27 26  5 34 32 | 20 16  8  9 45 42 37 | 40 12 23 21 24 13 48 |
|  3  6 28 39 19 47 17 | 21 23 12 24 13 48 40 | 16  9 37 20  8 42 45 | 46 30  7 41 22 10 11 | 36 33 43 18 35 44 15 | 27 26 29  5 32 34 14 |  2 31  4 25 49 38  1 |
+----------------------+----------------------+----------------------+----------------------+----------------------+----------------------+----------------------+
| 20 42 25 45  9  4  8 |  1 31 38 46  2 49 41 |  5 29 34 19  6 32 27 | 12 18 13 48 36 24 40 |  7 14 26 10 22 11 30 | 16 35 37 33 43 15 44 | 21  3 39 17 23 28 47 |
| 28 39 21  3 17 23 47 | 48 12 13 36 40 24 18 |  9  8 42 25  4 45 20 |  7 26 11 10 14 22 30 | 44 37 16 35 33 15 43 | 19  5  6 29 27 32 34 | 41 38 31  1 46  2 49 |
| 30  7 26 11 10 14 22 |  5 34 32  6 27 29 19 | 48 24 12 18 36 13 40 | 42 25 45  9  4  8 20 | 39 23 21 17 47  3 28 | 41  1 46 49  2 38 31 | 16 15 44 35 37 43 33 |
| 27 34 19 32  5  6 29 | 17 39  3 23 28 47 21 | 35 33 44 16 37 15 43 | 31 41 38  1 46 49  2 | 12 36 18 48 24 13 40 | 26 10 14 22 30 11  7 | 25 45 42  9  4 20  8 |
| 43 44 16 15 35 37 33 |  9 42 45  4 20  8 25 | 10 22  7 26 14 11 30 | 39 21  3 17 23 47 28 | 31 46 41  1 49 38  2 | 18 48 36 24 40 13 12 | 19 32 34  5  6 27 29 |
|  2 31 41 38  1 46 49 | 10  7 11 14 30 22 26 | 17 47 39 21 23  3 28 | 44 16 15 35 37 33 43 | 34  6 19  5 29 32 27 | 25  9  4  8 20 45 42 | 18 13 12 48 36 40 24 |
| 40 12 18 13 48 36 24 | 35 44 15 37 43 33 16 |  1 49 31 41 46 38  2 | 34 19 32  5  6 29 27 | 42  4 25  9  8 45 20 | 21 17 23 47 28  3 39 | 26 11  7 10 14 30 22 |
+----------------------+----------------------+----------------------+----------------------+----------------------+----------------------+----------------------+
| 16 15  9 43 33 42 37 |  8 45 20 31 25  4  1 | 22 14 11  5 34 30 26 |  3 48 28 47 12 23 21 | 38  7 10 49 46  2 41 | 35 24 44 36 18 40 13 | 17 27 32 29 39 19  6 |
| 19 32 17 27 29 39  6 | 47  3 28 12 21 23 48 | 33 37 15  9 42 43 16 | 38 10  2 49  7 46 41 | 13 44 35 24 36 40 18 |  5 22 34 14 26 30 11 |  1 20 45  8 31 25  4 |
| 26 11  5 30 22 34 14 | 29 32 27 39 19  6 17 | 24 36 13 35 44 40 18 | 45  1 20  8 31  4 25 |  3 12 48 47 23 28 21 | 10 49  7 46 41  2 38 |  9 43 15 33 42 16 37 |
| 18 13 35 40 24 44 36 | 33 15 43 42 16 37  9 | 49 46 38 10  7  2 41 | 32 17 27 29 39  6 19 | 45 31  1  8  4 20 25 | 48 47 12 23 21 28  3 |  5 30 11 22 34 26 14 |
| 25 45  1 20  8 31  4 | 49 38  2  7 41 46 10 | 29  6 32 17 39 27 19 | 13 35 40 24 44 36 18 | 11 34  5 22 14 30 26 |  9 33 42 37 16 43 15 | 48 28  3 47 12 21 23 |
| 21  3 48 28 47 12 23 | 24 13 40 44 18 36 35 |  8  4 45  1 31 20 25 | 11  5 30 22 34 14 26 | 15 42  9 33 37 43 16 | 17 29 39  6 19 27 32 | 10  2 38 49  7 41 46 |
| 41 38 10  2 49  7 46 | 22 11 30 34 26 14  5 | 47 23  3 48 12 28 21 | 15  9 43 33 42 37 16 | 32 39 17 29  6 27 19 |  1  8 31  4 25 20 45 | 35 40 13 24 44 18 36 |
+----------------------+----------------------+----------------------+----------------------+----------------------+----------------------+----------------------+
|  7 49 11 46  2 10 41 | 30 22 14  5 34 26 32 | 28 21 47 13 48 23 12 | 33 45 37 43  9 16 42 | 29 17  3 27 19  6 39 | 38 20  1 25 31  4  8 | 15 36 24 40 35 44 18 |
| 34 22 32 14 30  5 26 | 27 29  6 17 39 19  3 | 40 18 24 15 35 36 44 |  8 38  4 20  1 25 31 | 47 48 13 28 21 23 12 | 11  2 10 41  7 46 49 | 45 37 33 43  9 42 16 |
| 44 24 15 36 40 35 18 | 43 33 37  9 42 16 45 |  2 41 49 11 10 46  7 | 29  3  6 27 17 19 39 |  8  1 38 20 25  4 31 | 13 28 48 21 12 23 47 | 32 14 22 30  5 34 26 |
| 39 29  3  6 27 17 19 | 28 47 23 48 12 21 13 | 43 16 33 45  9 37 42 | 49 11 46  2 10 41  7 | 24 35 15 40 18 36 44 | 32 30  5 26 34 14 22 | 38  4  8 20  1 31 25 |
| 42 33 45 37 43  9 16 | 20  8  4  1 31 25 38 | 30 26 22 32  5 14 34 | 47 13 23 28 48 21 12 | 49 10 11  2 41 46  7 | 15 40 35 18 44 36 24 |  3  6 29 27 17 39 19 |
| 31  8 38  4 20  1 25 |  2 49 46 10  7 41 11 | 27 19 29  3 17  6 39 | 24 15 36 40 35 18 44 | 22  5 32 30 26 14 34 | 45 43  9 16 42 37 33 | 13 23 47 28 48 12 21 |
| 12 47 13 23 28 48 21 | 40 24 36 35 44 18 15 | 20 25  8 38  1  4 31 | 22 32 14 30  5 26 34 | 33  9 45 43 16 37 42 |  3 27 17 19 39  6 29 | 11 46 49  2 10  7 41 |
+----------------------+----------------------+----------------------+----------------------+----------------------+----------------------+----------------------+
| 17 27 47 19  6  3 39 | 23 28 21 13 48 12 24 | 37 42 43  8 45 16  9 |  2 22 41 46 11  7 10 | 40 15 33 36 44 18 35 | 29 14 32 34  5 26 30 | 49 25 20  4 38  1 31 |
| 35 40 33 18 36 15 44 | 37 43 16 45  9 42  8 | 46  7  2 22 11 41 10 | 27 47 19  6  3 39 17 | 20 38 49  4 31 25  1 | 24 23 13 12 48 21 28 | 29 26 30 14 32  5 34 |
| 48 28 24 21 23 13 12 | 36 40 18 15 35 44 33 |  4 31 20 49 38 25  1 | 30 29 26 14 32 34  5 | 43 45  8 37 42 16  9 | 47  6  3 39 17 19 27 | 22 41  2 46 11 10  7 |
| 10  2 22 41 46 11  7 | 14 30 26 32  5 34 29 | 23 12 28 24 13 21 48 | 43  8 16 37 45 42  9 | 27  3 47  6 39 19 17 | 49  4 38 31  1 25 20 | 33 18 40 36 15 35 44 |
|  1 20 49 25  4 38 31 | 46  2 41 11 10  7 22 |  6 39 27 47  3 19 17 | 40 33 18 36 15 44 35 | 30 32 29 14 34 26  5 |  8 37 45 42  9 16 43 | 24 21 28 23 13 48 12 |
|  5 30 29 26 14 32 34 |  6 27 19  3 17 39 47 | 36 44 40 33 15 18 35 | 20 49 25  4 38 31  1 | 28 13 24 23 12 21 48 | 22 46 11  7 10 41  2 |  8 16 43 37 45  9 42 |
|  9 43  8 16 37 45 42 |  4 20 25 38  1 31 49 | 14 34 30 29 32 26  5 | 28 24 21 23 13 12 48 |  2 11 22 46  7 41 10 | 33 36 15 44 35 18 40 | 47 19 27  6  3 17 39 |
+----------------------+----------------------+----------------------+----------------------+----------------------+----------------------+----------------------+
|  4  9 31  8 45 25 20 | 38  1 49 41 46  2  7 | 32 27  5 39 19 29  6 | 48 44 24 13 18 40 36 | 10 26 34 11 30 22 14 | 42 15 16 43 37 33 35 | 12 47 17  3 21 23 28 |
| 23 17 12 47  3 21 28 | 13 48 24 18 36 40 44 | 45 20  9 31 25  8  4 | 10 34 22 11 26 30 14 | 35 16 42 15 43 33 37 | 39 32 19 27  6 29  5 |  7 49  1 38 41 46  2 |
| 36 48 44 24 13 18 40 | 15 35 33 16 37 43 42 | 38  2  1  7 41 49 46 |  5 39 29 32 19 27  6 |  9 25 31 45 20  8  4 | 12  3 21 28 23 47 17 | 34 22 10 11 26 14 30 |
| 46  1  7 49 38 41  2 | 11 10 22 26 14 30 34 |  3 28 17 12 21 47 23 | 35 42 33 15 16 43 37 |  5 19 39 32 27 29  6 | 31 45 25 20  4  8  9 | 44 24 48 13 18 36 40 |
|  6  5 39 29 32 19 27 |  3 17 47 21 23 28 12 | 15 43 35 42 16 33 37 |  1  7 49 38 41  2 46 | 48 18 44 13 40 24 36 | 34 11 26 30 14 22 10 | 31  8  9 45 25  4 20 |
| 37 35 42 33 15 16 43 | 45  9  8 25  4 20 31 | 11 30 10 34 26 22 14 | 17 12 47  3 21 28 23 |  1 41  7 38  2 49 46 | 44 13 18 40 36 24 48 | 39 29  5 32 19  6 27 |
| 14 10 34 22 11 26 30 | 32  5 29 19  6 27 39 | 13 40 48 44 18 24 36 |  9 31  8 45 25 20  4 | 17 21 12  3 28 47 23 |  7 38 41  2 46 49  1 | 42 33 35 15 16 37 43 |
+----------------------+----------------------+----------------------+----------------------+----------------------+----------------------+----------------------+
