+-------------+-------------+-------------+-------------+
| 13  4 12  3 |  2  5 10 11 |  1 16  8  7 | 15  9  6 14 |
|  1  7 16  8 | 15  6 14  9 |  5  2 10 11 | 12  4 13  3 |
|  6  9 15 14 | 16  1  8  7 | 13 12  3  4 |  2 11  5 10 |
|  5 11  2 10 | 12 13  3  4 |  6 15 14  9 | 16  7  1  8 |
+-------------+-------------+-------------+-------------+
|  7 16 10  1 |  3  9  6 15 | 11 14  5  2 |  8 12  4 13 |
|  4 12  8 13 | 14 11  5  2 |  7 10  1 16 |  3 15  9  6 |
| 11  2 14  5 |  8  4 13 12 |  9  3  6 15 | 10 16  7  1 |
|  9 15  3  6 | 10  7  1 16 |  4  8 13 12 | 14  2 11  5 |
+-------------+-------------+-------------+-------------+
|  8  1  7 12 |  9 14  2  6 | 10 11 16  5 |  4 13  3 15 |
| 14  6  9  2 |  7  8 12  1 |  3  4 15 13 | 11  5 10 16 |
| 10  5 11 16 |  4  3 15 13 | 14  9  2  6 |  7  1  8 12 |
|  3 13  4 15 | 11 10 16  5 |  8  7 12  1 |  9  6 14  2 |
+-------------+-------------+-------------+-------------+
|  2 14  6 11 |  1 12  4  8 | 15 13  9  3 |  5 10 16  7 |
| 15  3 13  9 |  5 16  7 10 | 12  1  4  8 |  6 14  2 11 |
| 16 10  5  7 | 13 15  9  3 |  2  6 11 14 |  1  8 12  4 |
| 12  8  1  4 |  6  2 11 14 | 16  5  7 10 | 13  3 15  9 |
+-------------+-------------+-------------+-------------+
