+----------------------+----------------------+----------------------+----------------------+----------------------+----------------------+----------------------+
| 19 18 33 17 44  3 45 | 23 14 40 35 12  8  1 | 11 22 36 28 43  6 30 | 34 13 48  7 37 20  5 | 10 41  9 25 24 38  2 |  4 29 32 21 15 42 27 | 46 16 39 47 26 49 31 |
| 30 22 28 36 11 43  6 | 10 24 25  2 41  9 38 | 48 34 13 37  7 20  5 | 46 16 39 49 47 31 26 | 29 15 42 21  4 27 32 |  3 45 18 33 19 44 17 | 35  1  8 40 12 14 23 |
| 15 32 21 27 42  4 29 | 31 49 47 46 26 39 16 | 44 18 17 33  3 45 19 | 22 36 11 43 28  6 30 | 23 12  8 40 14  1 35 | 24 10  2 25 41  9 38 | 34 13 48 37  5  7 20 |
| 12 35 40  1  8 14 23 |  6 43 28 22 30 11 36 |  9  2 38 25 24 10 41 | 32 27 42  4 21 29 15 | 20  5 48 37  7 13 34 | 49 31 46 47 26 39 16 | 18 17 44 33 19  3 45 |
| 26 46 47 16 39 49 31 | 45  3 33 18 19 44 17 |  8 35  1 40 14 23 12 |  2 38  9 24 25 10 41 |  6 30 11 28 43 36 22 |  7 20 34 37  5 48 13 | 32 27 42 21 15  4 29 |
| 41  2 25 38  9 24 10 | 20  7 37 34  5 48 13 | 42 32 27 21  4 29 15 | 18 17 44  3 33 45 19 | 31 26 39 47 49 16 46 | 14 23 35 40 12  8  1 | 22 36 11 28 30 43  6 |
|  5 34 37 13 48  7 20 | 29  4 21 32 15 42 27 | 39 46 16 47 49 31 26 | 35  1  8 14 40 23 12 | 45 19 44 33  3 17 18 | 43  6 22 28 30 11 36 |  2 38  9 25 41 24 10 |
+----------------------+----------------------+----------------------+----------------------+----------------------+----------------------+----------------------+
| 42 14 23 12 40 27 32 | 46 16  6 43 39 28 30 | 25 24 41 10 17 18 44 |  4 15 21 36 29 22 11 | 35  8 37 20  1  5  7 | 38  2 49 31  9 47 26 |  3 19 33 45 48 13 34 |
|  8  7 20  5 37  1 35 | 22 36 29  4 11 21 15 | 47 49 26 31 38  2  9 | 14 12 40 27 23 32 42 | 34 48 33 45 13 19  3 | 16 46 43  6 39 28 30 | 24 41 25 10 44 17 18 |
| 39 43  6 30 28 16 46 | 18 17 10 24 44 25 41 | 37  7  5 20  1 35  8 | 49 26 47 38 31  2  9 | 22 11 21 29 36 15  4 | 13 34  3 45 48 33 19 | 14 12 40 23 42 27 32 |
| 48  3 45 19 33 13 34 | 32 27 23 14 42 40 12 | 28 43 30  6 16 46 39 |  7  5 37  1 20 35  8 | 18 44 25 10 17 41 24 | 36 22  4 29 11 21 15 | 49 26 47 31  9 38  2 |
| 44 24 10 41 25 17 18 | 35  1 20  7  8 37  5 | 21  4 15 29 36 22 11 |  3 19 33 13 45 34 48 |  2  9 47 31 38 26 49 | 27 32 14 23 42 40 12 | 43 30 28  6 39 16 46 |
|  9 49 31 26 47 38  2 | 34 13 45  3 48 33 19 | 40 14 12 23 27 32 42 | 24 41 25 17 10 18 44 | 46 39 28  6 16 30 43 |  1 35  7 20  8 37  5 |  4 15 21 29 11 36 22 |
| 11  4 29 15 21 36 22 |  2 38 31 49  9 47 26 | 33  3 19 45 13 34 48 | 43 30 28 16  6 46 39 | 32 42 40 23 27 12 14 | 17 18 24 10 44 25 41 |  7  5 37 20  8  1 35 |
+----------------------+----------------------+----------------------+----------------------+----------------------+----------------------+----------------------+
| 27 23 42 14 12 32 21 | 47 46 39  6 16 30 43 | 41 10 24 44 18 33 17 | 29  4 15 22 11 28 36 | 40  1  5  8 35  7 20 |  2 25 31  9 38 26 49 | 45  3 19 48 13 34 37 |
|  1 20  8  7  5 35 40 | 28 22 11 29 36 15  4 | 26 31 49  9  2 25 38 | 23 14 12 32 42 21 27 | 37 13 19 48 34  3 45 | 46 47  6 39 16 30 43 | 10 24 41 44 17 18 33 |
| 17 10 44 24 41 18 33 | 40 35  8 20  1  5  7 | 15 29  4 11 22 28 36 | 45  3 19 34 48 37 13 | 25 38 26  9  2 49 31 | 32 21 23 42 27 12 14 |  6 43 30 39 16 46 47 |
| 13 45 48  3 19 34 37 | 21 32 42 23 27 12 14 | 30  6 43 39 46 47 16 | 20  7  5 35  8 40  1 | 33 17 41 44 18 24 10 | 22 28 29 11 36 15  4 | 31 49 26  9 38  2 25 |
| 16  6 39 43 30 46 47 | 33 18 44 10 17 41 24 |  5 20  7  8 35 40  1 | 31 49 26  2  9 25 38 | 28 36 15 11 22  4 29 | 34 37 45 48 13 19  3 | 23 14 12 42 27 32 21 |
| 36 29 11  4 15 22 28 | 25  2  9 31 38 26 49 | 19 45  3 48 34 37 13 |  6 43 30 46 39 47 16 | 21 27 12 42 32 14 23 | 18 33 10 44 17 41 24 | 20  7  5  8  1 35 40 |
| 38 31  9 49 26  2 25 | 37 34 48 45 13 19  3 | 12 23 14 42 32 21 27 | 10 24 41 18 44 33 17 | 47 16 30 39 46 43  6 | 35 40 20  8  1  5  7 | 29  4 15 11 36 22 28 |
+----------------------+----------------------+----------------------+----------------------+----------------------+----------------------+----------------------+
| 24 25 41  2 38 10 44 |  8 20  5 37  7 13 34 | 27 21 32 15 29 11  4 | 33 18 17 45 19 48  3 |  9 49 16 26 31 46 47 | 23 42 40 12 14  1 35 | 28 22 36 30 43  6 39 |
| 49 47 26 46 16 31  9 | 48 45 19 33  3 17 18 |  1 40 35 12 23 42 14 | 25  2 38 10 41 44 24 | 39 43 36 30  6 22 28 | 20  8 37  5  7 13 34 | 21 32 27 15  4 29 11 |
| 43 28 30 22 36  6 39 | 44 10 41 25 24 38  2 | 13 37 34  5 20  8  7 | 47 46 16 31 26  9 49 | 11  4 27 15 29 32 21 | 45 48 33 19  3 17 18 | 40 35  1 12 14 23 42 |
|  7 37  5 34 13 20  8 | 11 29 15 21  4 27 32 | 16 47 46 26 31  9 49 | 40 35  1 23 12 42 14 | 48  3 17 19 45 18 33 |  6 39 28 30 43 36 22 | 25  2 38 41 24 10 44 |
| 14 40 12 35  1 23 42 | 39  6 30 28 43 36 22 | 38 25  2 41 10 44 24 | 21 32 27 29 15 11  4 |  8  7 13  5 20 34 37 | 31  9 47 26 49 16 46 | 33 18 17 19  3 45 48 |
|  4 21 15 32 27 29 11 |  9 31 26 47 49 16 46 | 17 33 18 19 45 48  3 | 28 22 36  6 30 39 43 | 42 14  1 12 23 35 40 | 10 44 25 41 24 38  2 | 37 34 13  5  7 20  8 |
|  3 33 19 18 17 45 48 | 42 23 12 40 14  1 35 | 36 28 22 30  6 39 43 | 37 34 13 20  5  8  7 | 44 24 38 41 10  2 25 | 29 11 21 15  4 27 32 | 47 46 16 26 49 31  9 |
+----------------------+----------------------+----------------------+----------------------+----------------------+----------------------+----------------------+
| 28 36 22 11 29 30 43 | 24 41  2 38 25 31  9 | 45 13 48 34  5  7 37 | 16 39  6 26 46 49 47 |  4 21 23 32 15 42 27 | 19  3 17 18 33 10 44 |  1  8 20 35 40 12 14 |
| 25 38  2  9 31 41 24 |  7  5 34 13 37 45 48 | 23 27 42 32 15  4 21 | 17 44 10 19 18  3 33 | 49 47  6 46 26 39 16 | 12 14  1 35 40 20  8 | 36 11 29 22 28 30 43 |
| 33 17 18 44 10 19  3 | 14 12 35  1 40 20  8 | 29 36 11 22 30 43 28 | 13 48 45  5 34  7 37 | 24 25 31  2 41  9 38 | 15  4 27 32 21 23 42 | 16 39  6 46 47 26 49 |
| 37 13 34 48 45  5  7 |  4 15 32 27 21 23 42 |  6 16 39 46 26 49 47 |  1  8 20 12 35 14 40 |  3 33 10 18 19 44 17 | 30 43 36 22 28 29 11 | 38  9 31  2 25 41 24 |
| 47 16 46 39  6 26 49 |  3 19 18 17 33 10 44 | 20  1  8 35 12 14 40 | 38  9 31 41  2 24 25 | 43 28 29 22 30 11 36 |  5  7 13 34 37 45 48 | 27 42 23 32 21 15  4 |
| 21 27 32 42 23 15  4 | 49 26 46 16 47  6 39 | 10 17 44 18 19  3 33 | 36 11 29 30 22 43 28 | 14 40 20 35 12  8  1 | 41 24 38  2 25 31  9 | 13 48 45 34 37  5  7 |
| 40  1 35  8 20 12 14 | 43 30 22 36 28 29 11 | 31 38  9  2 41 24 25 | 27 42 23 15 32  4 21 |  7 37 45 34  5 48 13 | 26 49 16 46 47  6 39 | 17 44 10 18 33 19  3 |
+----------------------+----------------------+----------------------+----------------------+----------------------+----------------------+----------------------+
| 23 12 14 40 35 42 27 | 16 39 43 30  6 22 28 |  2 41 25 24 44 17 10 | 15 21 32 11  4 36 29 |  1 20 34  7  8 37  5 |  9 38 26 49 31 46 47 | 19 33 18  3 45 48 13 |
| 31 26 49 47 46  9 38 | 13 48  3 19 45 18 33 | 35 12 40 14 42 27 23 | 41 25  2 44 24 17 10 | 16  6 22 43 39 28 30 |  8  1  5  7 20 34 37 | 15 21 32  4 29 11 36 |
| 45 19  3 33 18 48 13 | 27 42 14 12 23 35 40 | 22 30 28 43 39 16  6 |  5 37 34  8  7  1 20 | 17 10  2 24 44 25 41 | 11 36 15  4 29 32 21 | 26 47 46 49 31  9 38 |
| 20  5  7 37 34  8  1 | 36 11  4 15 29 32 21 | 46 26 47 49  9 38 31 | 12 40 35 42 14 27 23 | 13 45 18  3 48 33 19 | 39 16 30 43  6 22 28 | 41 25  2 24 10 44 17 |
|  6 30 43 28 22 39 16 | 17 44 24 41 10  2 25 | 34  5 37  7  8  1 20 | 26 47 46  9 49 38 31 | 36 29 32  4 11 21 15 | 48 13 19  3 45 18 33 | 12 40 35 14 23 42 27 |
| 29 15  4 21 32 11 36 | 38  9 49 26 31 46 47 | 18 19 33  3 48 13 45 | 30 28 22 39 43 16  6 | 27 23 35 14 42 40 12 | 44 17 41 24 10  2 25 |  5 37 34  7 20  8  1 |
| 10 41 24 25  2 44 17 |  1  8  7  5 20 34 37 | 32 15 21  4 11 36 29 | 19 33 18 48  3 13 45 | 38 31 46 49  9 47 26 | 42 27 12 14 23 35 40 | 30 28 22 43  6 39 16 |
+----------------------+----------------------+----------------------+----------------------+----------------------+----------------------+----------------------+
| 46 39 16  6 43 47 26 | 19 33 17 44 18 24 10 |  7  8 20  1 40 12 35 |  9 31 49 25 38 41  2 | 30 22  4 36 28 29 11 | 37  5 48 13 34  3 45 | 42 23 14 27 32 21 15 |
| 22 11 36 29  4 28 30 | 41 25 38  9  2 49 31 |  3 48 45 13 37  5 34 | 39  6 43 47 16 26 46 | 15 32 14 27 21 23 42 | 33 19 44 17 18 24 10 |  8 20  7  1 35 40 12 |
| 18 44 17 10 24 33 19 | 12 40  1  8 35  7 20 |  4 11 29 36 28 30 22 | 48 45  3 37 13  5 34 | 41  2 49 38 25 31  9 | 21 15 42 27 32 14 23 | 39  6 43 16 46 47 26 |
| 35  8  1 20  7 40 12 | 30 28 36 11 22  4 29 | 49  9 31 38 25 41  2 | 42 23 14 21 27 15 32 |  5 34  3 13 37 45 48 | 47 26 39 16 46 43  6 | 44 10 24 17 18 33 19 |
| 34 48 13 45  3 37  5 | 15 21 27 42 32 14 23 | 43 39  6 16 47 26 46 |  8 20  7 40  1 12 35 | 19 18 24 17 33 10 44 | 28 30 11 36 22  4 29 |  9 31 49 38  2 25 41 |
| 32 42 27 23 14 21 15 | 26 47 16 39 46 43  6 | 24 44 10 17 33 19 18 | 11 29  4 28 36 30 22 | 12 35  7  1 40 20  8 | 25 41  9 38  2 49 31 | 48 45  3 13 34 37  5 |
|  2  9 38 31 49 25 41 |  5 37 13 48 34  3 45 | 14 42 23 27 21 15 32 | 44 10 24 33 17 19 18 | 26 46 43 16 47  6 39 | 40 12  8  1 35  7 20 | 11 29  4 36 22 28 30 |
+----------------------+----------------------+----------------------+----------------------+----------------------+----------------------+----------------------+
