+-------------------+-------------------+-------------------+-------------------+-------------------+-------------------+
| 26  8 29  1 11 31 | 19 25 16 22 27 12 |  2  9  7 36 15 34 | 24  5 32 33 14 20 | 10 18  3 21 28 13 | 35  6 17  4 23 30 |
| 24  5 20 33 14 32 | 26 29 31  8  1 11 |  6 23 17 35  4 30 |  7 36  9 15  2 34 | 12 16 19 27 22 25 | 28 10  3 21 18 13 |
|  3 28 13 21 10 18 | 17 30 23 35  4  6 | 11 31 26  8  1 29 | 19 22 16 27 12 25 |  2  9  7 15 36 34 |  5 14 24 33 32 20 |
| 17 35 30  4  6 23 |  7 34  9 36 15  2 | 12 16 19 22 27 25 |  3 28 18 21 10 13 | 14 32 24 33  5 20 |  8 11 26  1 31 29 |
|  7 36 34 15  2  9 | 24 20 32  5 33 14 | 10 18  3 28 21 13 | 17 35 23  4  6 30 | 11 31 26  1  8 29 | 22 12 19 27 16 25 |
| 19 22 25 27 12 16 |  3 13 18 28 21 10 | 14 32 24  5 33 20 | 26  8 31  1 11 29 |  6 23 17  4 35 30 | 36  2  7 15  9 34 |
+-------------------+-------------------+-------------------+-------------------+-------------------+-------------------+
| 32  7  2 20 33  5 | 31 14  8 24 29  1 |  4 35 23  3 30 10 |  9 17 36 34 15  6 | 27 22 16 25 26 11 | 19 21 18 13 28 12 |
|  9 17  6 34 15 36 | 32  2  5  7 20 33 | 21 28 18 19 13 12 | 23  3 35 30  4 10 |  1  8 31 29 24 14 | 26 27 16 25 22 11 |
| 31 24 14 29  1  8 | 16 11 22 26 25 27 | 15 36  9 17 34  6 | 32  7  5 20 33  2 | 21 28 18 13 19 12 |  3  4 23 30 35 10 |
| 16 26 11 25 27 22 | 18 12 28 19 13 21 | 33  5 32  7 20  2 | 31 24  8 29  1 14 |  4 35 23 30  3 10 | 17 15  9 34 36  6 |
| 23  3 10 30  4 35 |  9  6 36 17 34 15 | 27 22 16 26 25 11 | 18 19 28 13 21 12 | 33  5 32 20  7  2 | 24  1 31 29  8 14 |
| 18 19 12 13 21 28 | 23 10 35  3 30  4 |  1  8 31 24 29 14 | 16 26 22 25 27 11 | 15 36  9 34 17  6 |  7 33 32 20  5  2 |
+-------------------+-------------------+-------------------+-------------------+-------------------+-------------------+
| 35 18 21 10 30  3 | 36  4 17 23  6 34 | 25 26 22 31 11  1 | 28 16 19 12 13 27 | 20  7  5  2  9 15 | 32 29  8 14 24 33 |
| 28 16 27 12 13 19 | 35 21  3 18 10 30 | 29 24  8 32 14 33 | 22 31 26 11 25  1 | 34 17 36  6 23  4 |  9 20  5  2  7 15 |
| 22 31  1 11 25 26 | 28 27 19 16 12 13 | 20  7  5  9  2 15 |  8 32 24 14 29 33 | 30  3 35 10 18 21 | 23 34 36  6 17  4 |
|  8 32 33 14 29 24 | 22  1 26 31 11 25 | 34 17 36 23  6  4 |  5  9  7  2 20 15 | 13 19 28 12 16 27 | 18 30 35 10  3 21 |
|  5  9 15  2 20  7 |  8 33 24 32 14 29 | 30  3 35 18 10 21 | 36 23 17  6 34  4 | 25 26 22 11 31  1 | 16 13 28 12 19 27 |
| 36 23  4  6 34 17 |  5 15  7  9  2 20 | 13 19 28 16 12 27 | 35 18  3 10 30 21 | 29 24  8 14 32 33 | 31 25 22 11 26  1 |
+-------------------+-------------------+-------------------+-------------------+-------------------+-------------------+
|  2 34 17 36  9 15 | 14  7 33 20  5 32 | 18 21 10 13 28 19 |  6 30  4 35 23  3 | 31  1 11  8 29 24 | 25 16 12 22 27 26 |
| 10 13 19 28 18 21 |  6  3  4 30 35 23 | 31  1 11 29  8 24 | 12 25 27 22 16 26 |  9 15  2 36 34 17 | 20 32 14  5 33  7 |
| 14 20  7  5 32 33 | 11 24  1 29  8 31 | 23  4  6 30 35  3 |  2 34 15 36  9 17 | 16 27 12 22 25 26 | 13 18 10 28 21 19 |
| 11 29 24  8 31  1 | 12 26 27 25 22 16 |  9 15  2 34 36 17 | 14 20 33  5 32  7 | 18 21 10 28 13 19 | 30 23  6 35  4  3 |
|  6 30  3 35 23  4 |  2 17 15 34 36  9 | 16 27 12 25 22 26 | 10 13 21 28 18 19 | 32 33 14  5 20  7 | 29 31 11  8  1 24 |
| 12 25 26 22 16 27 | 10 19 21 13 28 18 | 32 33 14 20  5  7 | 11 29  1  8 31 24 | 23  4  6 35 30  3 | 34  9  2 36 15 17 |
+-------------------+-------------------+-------------------+-------------------+-------------------+-------------------+
| 29 33  5 32 24 14 | 25  8 11  1 31 26 | 17  6 34  4 23 35 | 20 15  2  9  7 36 | 19 12 13 16 27 22 | 21  3 30 18 10 28 |
| 25  1  8 31 26 11 | 13 22 12 27 16 19 |  7  2 20 15  9 36 | 29 33 14 32 24  5 |  3 10 30 18 21 28 |  4 17 34 23  6 35 |
| 34  4 35 23 17  6 | 20 36  2 15  9  7 | 19 12 13 27 16 22 | 30 21 10 18  3 28 | 24 14 29 32 33  5 |  1 26 25 31 11  8 |
| 30 21 28 18  3 10 | 34 35  6  4 23 17 | 26 11 25  1 31  8 | 13 27 12 16 19 22 |  7  2 20  9 15 36 | 33 24 29 32 14  5 |
| 20 15 36  9  7  2 | 29  5 14 33 32 24 |  3 10 30 21 18 28 | 34  4  6 23 17 35 | 26 11 25 31  1  8 | 27 19 13 16 12 22 |
| 13 27 22 16 19 12 | 30 28 10 21 18  3 | 24 14 29 33 32  5 | 25  1 11 31 26  8 | 17  6 34 23  4 35 | 15  7 20  9  2 36 |
+-------------------+-------------------+-------------------+-------------------+-------------------+-------------------+
|  1 14 32 24  8 29 | 27 31 25 11 26 22 | 36 34 15  6 17 23 | 33  2 20  7  5  9 | 28 13 21 19 12 16 | 10 35  4  3 30 18 |
| 15  6 23 17 36 34 | 33  9 20  2  7  5 | 28 13 21 12 19 16 |  4 10 30  3 35 18 |  8 29  1 24 14 32 | 11 22 27 26 25 31 |
| 27 11 31 26 22 25 | 21 16 13 12 19 28 |  5 20 33  2  7  9 |  1 14 29 24  8 32 | 35 30  4  3 10 18 |  6 36 15 17 34 23 |
|  4 10 18  3 35 30 | 15 23 34  6 17 36 | 22 25 27 11 26 31 | 21 12 13 19 28 16 |  5 20 33  7  2  9 | 14  8  1 24 29 32 |
| 21 12 16 19 28 13 |  4 18 30 10  3 35 |  8 29  1 14 24 32 | 27 11 25 26 22 31 | 36 34 15 17  6 23 |  2  5 33  7 20  9 |
| 33  2  9  7  5 20 |  1 32 29 14 24  8 | 35 30  4 10  3 18 | 15  6 34 17 36 23 | 22 25 27 26 11 31 | 12 28 21 19 13 16 |
+-------------------+-------------------+-------------------+-------------------+-------------------+-------------------+
