+-------------------+-------------------+-------------------+-------------------+-------------------+-------------------+
| 29 31 24  1 35 27 |  5 19 18 12 30 36 |  7  8 10 15 17  3 |  2 34 25 11 26  9 | 16 23 13 33 20 14 |  6 32 21 28  4 22 |
| 34  9 25 11 26  2 | 24 27 35  1 29 31 | 22  4 28 21 32  6 |  8 15 17 10  3  7 | 12  5 36 30 18 19 | 20 23 33 16 14 13 |
| 30 36  5 12 18 19 | 23 14 20 16 33 13 |  9  2 11 34 25 26 | 27 29 24  1 35 31 | 28 32 22 21  6  4 |  3 17 15 10  8  7 |
| 15  7 17 10  3  8 | 25  2 26 11 34  9 | 13 14 16 33 23 20 |  4 21 32 28  6 22 |  1 24 31 29 35 27 | 18  5 30 12 19 36 |
| 33 13 23 16 20 14 | 32  4  6 28 21 22 | 31 27  1 29 24 35 | 19 30  5 12 18 36 | 10 17  7 15  3  8 | 26 25 34 11  2  9 |
| 21 22 32 28  6  4 | 17  8  3 10 15  7 | 36 19 12 30  5 18 | 14 33 23 16 20 13 | 11 25  9 34 26  2 | 35 24 29  1 27 31 |
+-------------------+-------------------+-------------------+-------------------+-------------------+-------------------+
| 11 15  3  9  2 25 | 26 24 27 31  1 34 | 33 32 22 28 20  4 | 17 10  6  7  8 21 | 36 35 29 12 19  5 | 14 18 16 13 23 30 |
| 16 30 18 13 14 23 | 20 32  4 22 28 33 | 34 24 31  1 26 27 |  5 12 35 36 19 29 |  7  6 21 10  8 17 |  2  3 11  9 25 15 |
| 12 29 35 36 19  5 | 18 23 14 13 16 30 | 15 25  9 11  3  2 | 24  1 26 31 27 34 | 22 20 33 28  4 32 |  8  6 10  7 17 21 |
|  1 34 26 31 27 24 | 35  5 19 36 12 29 | 21 17  7 10  6  8 | 25 11  3  9  2 15 | 13 18 30 16 14 23 |  4 20 28 22 32 33 |
| 10 21  6  7  8 17 |  3 25  2  9 11 15 | 30 23 13 16 18 14 | 32 28 20 22  4 33 | 31 26 34  1 27 24 | 19 35 12 36  5 29 |
| 28 33 20 22  4 32 |  6 17  8  7 10 21 | 29  5 36 12 35 19 | 23 16 18 13 14 30 |  9  3 15 11  2 25 | 27 26  1 31 24 34 |
+-------------------+-------------------+-------------------+-------------------+-------------------+-------------------+
|  6 32 28  4  7 21 | 10 15  9  8  3 17 |  5 30 19 18 12 13 | 33 20 16 14 22 23 |  2 11 25 26 31 34 | 36  1 35 27 29 24 |
| 18  5 12 19 13 30 | 16 33 22 14 20 23 | 25 34  2 26 11 31 | 29 35  1 27 36 24 |  4 28 32  6  7 21 |  9 10  3  8 15 17 |
| 35 24  1 27 36 29 | 12 30 13 19 18  5 | 17 15  8  3 10  9 | 34 26 11  2 31 25 | 14 16 23 20 22 33 |  7 28  6  4 21 32 |
| 26 25 11  2 31 34 |  1 29 36 27 35 24 | 32 21  4  6 28  7 | 15  3 10  8  9 17 | 19 12  5 18 13 30 | 22 16 20 14 33 23 |
|  3 17 10  8  9 15 | 11 34 31  2 26 25 | 23 33 14 20 16 22 | 21  6 28  4  7 32 | 27  1 24 35 36 29 | 13 12 18 19 30  5 |
| 20 23 16 14 22 33 | 28 21  7  4  6 32 | 24 29 27 35  1 36 | 30 18 12 19 13  5 |  8 10 17  3  9 15 | 31 11 26  2 34 25 |
+-------------------+-------------------+-------------------+-------------------+-------------------+-------------------+
| 22 16 14 33 32 20 |  4  6 17 21  7 28 |  1 35 29 36 27  5 | 18 13 19 30 23 12 | 15  8 10  9 25  3 | 24  2 31 34 26 11 |
|  7 28  4 21 17  6 |  8  3 25 15  9 10 | 12 18 30 13 19 23 | 20 22 14 33 32 16 | 34  2 11 31 24 26 |  5 27 36 29 35  1 |
| 36  1 27 29  5 35 | 19 18 23 30 13 12 | 10  3 15  9  8 25 | 26 31  2 34 24 11 | 33 14 16 22 32 20 | 17  4  7 21  6 28 |
| 31 11  2 34 24 26 | 27 35  5 29 36  1 | 28  6 21  7  4 17 |  3  9  8 15 25 10 | 30 19 12 13 23 18 | 32 14 22 33 20 16 |
| 13 12 19 30 23 18 | 14 20 32 33 22 16 | 11 26 34 31  2 24 | 35 36 27 29  5  1 | 21  4 28  7 17  6 | 25  8  9 15  3 10 |
|  9 10  8 15 25  3 |  2 26 24 34 31 11 | 16 20 33 22 14 32 |  6  7  4 21 17 28 | 29 27  1 36  5 35 | 23 19 13 30 18 12 |
+-------------------+-------------------+-------------------+-------------------+-------------------+-------------------+
| 17  4 21  6 10  7 | 15  9 11  3 25  8 | 19 13 18 23 30 16 | 22 32 33 20 28 14 | 26 34  2 24  1 31 | 12 29  5 35 36 27 |
| 24  2 34 26  1 31 | 29 36 12 35  5 27 |  4  7  6 17 21 10 |  9 25 15  3 11  8 | 18 30 19 23 16 13 | 28 33 32 20 22 14 |
| 23 19 30 18 16 13 | 33 22 28 20 32 14 |  2 31 26 24 34  1 | 36  5 29 35 12 27 |  6 21  4 17 10  7 | 11 15 25  3  9  8 |
|  5 27 29 35 12 36 | 30 13 16 18 23 19 |  8  9  3 25 15 11 | 31 24 34 26  1  2 | 20 33 14 32 28 22 | 10 21 17  6  7  4 |
| 25  8 15  3 11  9 | 34 31  1 26 24  2 | 14 22 20 32 33 28 |  7 17 21  6 10  4 | 35 29 27  5 12 36 | 16 30 23 18 13 19 |
| 32 14 33 20 28 22 | 21  7 10  6 17  4 | 27 36 35  5 29 12 | 13 23 30 18 16 19 |  3 15  8 25 11  9 |  1 34 24 26 31  2 |
+-------------------+-------------------+-------------------+-------------------+-------------------+-------------------+
|  8  6  7 17 15 10 |  9 11 34 25  2  3 | 18 16 23 14 13 33 | 28  4 22 32 21 20 | 24 31 26 27 29  1 | 30 36 19  5 12 35 |
| 19 35 36  5 30 12 | 13 16 33 23 14 18 |  3 11 25  2  9 34 |  1 27 31 24 29 26 | 32 22 20  4 21 28 | 15  7  8 17 10  6 |
|  4 20 22 32 21 28 |  7 10 15 17  8  6 | 35 12  5 19 36 30 | 16 14 13 23 33 18 | 25  9  3  2 34 11 | 29 31 27 24  1 26 |
| 14 18 13 23 33 16 | 22 28 21 32  4 20 | 26  1 24 27 31 29 | 12 19 36  5 30 35 | 17  7  6  8 15 10 | 34  9  2 25 11  3 |
|  2  3  9 25 34 11 | 31  1 29 24 27 26 | 20 28 32  4 22 21 | 10  8  7 17 15  6 |  5 36 35 19 30 12 | 33 13 14 23 16 18 |
| 27 26 31 24 29  1 | 36 12 30  5 19 35 |  6 10 17  8  7 15 | 11  2  9 25 34  3 | 23 13 18 14 33 16 | 21 22  4 32 28 20 |
+-------------------+-------------------+-------------------+-------------------+-------------------+-------------------+
