+----------------------+----------------------+----------------------+----------------------+----------------------+----------------------+----------------------+
| 30 38 18 46 19 37 41 | 13 27 28 20 12 32 49 | 43  9 31 35  3 26  6 | 17 36 44 24 29 40 11 |  2  5  8 15 48  1 34 |  7 39 23 21 42 47 33 | 14  4 45 10 22 16 25 |
| 47 23 33 21 42  7 39 | 41 38 46 18 37 30 19 | 24 17 44 36 40 29 11 |  1 15 34  5 48  8  2 | 28 13 12 20 49 32 27 | 45 10 16 25 22 14  4 | 26 43  9 31 35  6  3 |
| 25  4 14 10 45 16 22 | 42 33 39 47 23 21  7 | 48  2 15  1 34  8  5 | 28 32 20 49 12 27 13 | 41 19 38 30 37 46 18 |  6 35 43 31  9  3 26 | 40 29 11 36 17 24 44 |
| 31 26  3 35  6 43  9 | 45 14 22 25  4 10 16 | 12 13 32 28 20 27 49 | 41 46 30 37 38 18 19 | 42  7 33 21 23 39 47 | 24 17 29 36 11 44 40 | 34  8  5  1  2 48 15 |
| 15  8 34  1  5 48  2 | 11 40 17 44 29 36 24 | 23 42 21 39 47 33  7 | 22 10 25 16  4 14 45 |  9  6 26 31 43 35  3 | 49 28 12 32 13 20 27 | 18 38 19 46 41 37 30 |
| 44 29 40 36 11 24 17 |  9 26 35  3 43 31  6 | 37 41 30 46 18 38 19 | 39 21 47  7 23 33 42 | 22 45  4 25 16 10 14 |  5  1 48 15  2 34  8 | 27 12 13 32 28 49 20 |
| 20 12 27 32 13 49 28 |  2  8  1 34 48 15  5 | 16 22 25 10 14  4 45 | 35 31  3  6 43 26  9 | 17 11 29 44 24 36 40 | 19 46 37 30 41 18 38 | 33 23 42 21 39  7 47 |
+----------------------+----------------------+----------------------+----------------------+----------------------+----------------------+----------------------+
| 29 11 24 40 36 17 44 | 31  6  3 43  9 26 35 | 41 30 38 18 37 19 46 | 47 33 23 39 42  7 21 | 25 10 45  4 22 14 16 |  1 34  2  8 15 48  5 | 49 13 32 27 20 28 12 |
| 38 19 37 18 46 41 30 | 32 49 20 12 13 27 28 |  9 31 26  3 43  6 35 | 44 40 29 17 11 24 36 | 15  1  5  8  2 34 48 | 39 47 42 33 21 23  7 | 16 45 10 14 25 22  4 |
|  4 45 16 14 10 22 25 | 21  7 47 23 42 33 39 |  2 15  8 34 48  5  1 | 20 27 12 28 13 49 32 | 30 46 19 38 41 18 37 | 35  3  9 26 31 43  6 | 24 11 36 40 44 17 29 |
| 26  6 43  3 35  9 31 | 10 16 25  4 45 14 22 | 13 32 27 20 12 49 28 | 30 18 38 41 19 37 46 | 21 39  7 33 42 47 23 | 17 44 11 40 36 29 24 | 48  5  1 34 15  2  8 |
|  8  5 48 34  1  2 15 | 36 24 44 29 11 40 17 | 42 21 33 47 23  7 39 | 25 14  4 22 45 16 10 | 31 35  6 26  9  3 43 | 28 20 13 27 32 12 49 | 37 19 46 18 30 41 38 |
| 23 42  7 33 21 39 47 | 30 19 18 37 41 38 46 | 17 44 29 40 24 11 36 | 34  8 48  1  2  5 15 | 20 32 13 12 28 27 49 | 10 14 22  4 25 16 45 |  6  9 31 26  3 35 43 |
| 12 13 49 27 32 28 20 | 15  5 34 48  2  8  1 | 22 25  4 14 16 45 10 |  3 26 43 35  9  6 31 | 44 36 11 29 17 40 24 | 46 18 41 38 30 37 19 |  7 42 21 33 47 39 23 |
+----------------------+----------------------+----------------------+----------------------+----------------------+----------------------+----------------------+
| 19 46 41 37 18 30 38 | 27 28 12 13 32 49 20 | 31 26  6 43  9 35  3 | 29 24 11 44 36 17 40 |  8 34  1  5 15 48  2 | 47 23 21  7 33 42 39 | 22 10 14 16  4 25 45 |
| 42 21 39  7 33 47 23 | 38 46 37 41 30 19 18 | 44 29 11 24 17 36 40 | 48  5  2 34 15  1  8 | 12 27 32 13 20 49 28 | 14 16 25 45  4 22 10 | 35 31 26  6 43  3  9 |
| 13 32 28 49 27 20 12 |  8  1 48  2 15  5 34 | 25  4 45 16 22 10 14 | 43  6  9  3 31 35 26 | 29 40 36 11 44 24 17 | 18 37 30 19 38 41 46 | 39 21 33  7 23 47 42 |
| 11 36 17 24 40 44 29 | 26 35 43  9 31  6  3 | 30 38 19 37 41 46 18 | 23  7 42 47 21 39 33 |  4 14 10 45 25 16 22 | 34 48 15  5  8  2  1 | 28 32 27 49 12 20 13 |
| 45 10 22 16 14 25  4 | 33 39 23 42 21  7 47 | 15  8  5 48  2  1 34 | 12 49 13 20 32 28 27 | 38 18 46 19 30 37 41 |  3 43 31  6 26  9 35 | 17 36 40 24 29 44 11 |
|  6 35  9 43  3 31 26 | 14 22  4 45 10 16 25 | 32 27 49 12 13 28 20 | 38 37 19 30 46 41 18 | 33 47 39  7 21 23 42 | 44 29 36 24 40 11 17 |  2  1 34 48  8 15  5 |
|  5  1  2 48 34 15  8 | 40 17 29 11 36 24 44 | 21 33  7 23 42 39 47 |  4 16 45 25 10 22 14 | 26  3 35  6 31 43  9 | 20 12 32 49 27 13 28 | 41 46 18 37 38 30 19 |
+----------------------+----------------------+----------------------+----------------------+----------------------+----------------------+----------------------+
| 17 44 36 11 29 40 24 | 43 31  6 35  3  9 26 | 18 37 41 19 46 30 38 |  7 42 39 33 47 21 23 | 16  4 25 22 14 45 10 |  8  5 34  2 48  1 15 | 32 20 12 13 49 27 28 |
|  9 31 35  6 26  3 43 |  4 10 16 22 25 45 14 | 20 12 13 49 28 32 27 | 37 19 41 18 30 46 38 | 23 33 21 42 47  7 39 | 40 24 44 11 29 17 36 |  1 15  8  5 48 34  2 |
| 28 20 32 13 12 27 49 | 48 15  5  1 34  2  8 | 14 16 22 45 10 25  4 |  6  9 35 26  3 31 43 | 24 29 44 17 40 11 36 | 38 19 18 41 37 46 30 | 21 47 23 42  7 33 39 |
|  2 15  1  5  8 34 48 | 29 36 24 17 44 11 40 | 47 23 42  7 39 21 33 | 16 45 22 14 25 10  4 | 43 26 31  9  3  6 35 | 27 49 20 13 12 28 32 | 46 30 38 19 37 18 41 |
| 22 25 10 45  4 14 16 | 23 21  7 39 47 42 33 | 34 48  2  5  1 15  8 | 49 13 28 27 20 32 12 | 37 38 30 41 18 19 46 | 26  6  3  9 43 35 31 | 36 44 29 11 24 40 17 |
| 39 47 21 42 23 33  7 | 37 30 19 46 18 41 38 | 40 24 17 11 36 44 29 |  5  2  1  8 34 15 48 | 49 12 20 28 27 13 32 |  4 45 14 22 16 10 25 | 31  3 43  9  6 26 35 |
| 41 30 46 19 38 18 37 | 12 32 49 28 20 13 27 |  3 43  9  6 35 31 26 | 24 11 17 40 44 36 29 | 48  8 15  2 34  5  1 | 33  7 47 42 23 39 21 | 10 25  4 45 16 14 22 |
+----------------------+----------------------+----------------------+----------------------+----------------------+----------------------+----------------------+
| 27 49 12 20 28 13 32 |  1 48 15  8  5 34  2 | 45 10 14 25  4 16 22 | 31  3 26  9  6 43 35 | 36 17 24 40 11 44 29 | 41 30 19 18 46 38 37 | 23  7 39 47 21 42 33 |
| 33  7 23 47 39 42 21 | 46 37 30 38 19 18 41 | 11 36 40 44 29 24 17 | 15 34  8  2  5 48  1 | 32 28 49 27 13 20 12 | 22 25 45 14 10  4 16 | 43  6 35  3 31  9 26 |
| 18 37 38 30 41 19 46 | 28 12 32 27 49 20 13 |  6 35  3 31 26 43  9 | 36 44 40 11 24 29 17 |  1  2 48 34  5 15  8 | 42 21  7 47 39 33 23 |  4 16 22 25 10 45 14 |
| 40 24 29 44 17 11 36 | 35 43 31 26  6  3  9 | 19 46 18 30 38 37 41 | 21 47 33 42  7 23 39 | 10 22 16 14 45 25  4 |  2 15  5 34  1  8 48 | 12 49 28 20 32 13 27 |
|  3 43 26 31  9  6 35 | 22  4 10 14 16 25 45 | 49 28 20 32 27 12 13 | 46 30 18 19 37 38 41 | 39 42 23 47  7 21 33 | 11 36 24 44 17 40 29 |  8 48  2 15  1  5 34 |
| 34 48  8 15  2  5  1 | 17 29 36 40 24 44 11 |  7 39 47 21 33 23 42 | 10 25 14 45 16  4 22 | 35  9 43  3  6 31 26 | 13 32 49 20 28 27 12 | 38 37 41 30 46 19 18 |
| 14 16  4 25 22 45 10 | 39 23 21 33  7 47 42 |  5  1 34 15  8 48  2 | 32 20 27 13 49 12 28 | 46 41 37 18 19 30 38 |  9 31  6  3 35 26 43 | 29 24 17 44 36 11 40 |
+----------------------+----------------------+----------------------+----------------------+----------------------+----------------------+----------------------+
| 21 33 47 39  7 23 42 | 19 18 41 30 38 46 37 | 29 11 36 17 44 40 24 |  2  1 15 48  8 34  5 | 13 49 27 32 12 28 20 | 16 22  4 10 45 25 14 |  3 26  6 35  9 43 31 |
| 32 27 20 28 49 12 13 |  5 34  2 15  8  1 48 |  4 45 10 22 25 14 16 |  9 35 31 43 26  3  6 | 11 24 40 36 29 17 44 | 37 41 38 46 19 30 18 | 47 33  7 39 42 23 21 |
| 35  3 31  9 43 26  6 | 16 25 45 10 14 22  4 | 27 49 28 13 32 20 12 | 19 41 46 38 18 30 37 |  7 23 47 39 33 42 21 | 29 11 40 17 24 36 44 | 15 34 48  2  5  8  1 |
|  1 34 15  2 48  8  5 | 24 44 11 36 40 17 29 | 33  7 39 42 21 47 23 | 45 22 10  4 14 25 16 |  6 43  3 35 26  9 31 | 12 13 27 28 49 32 20 | 30 18 37 41 19 38 46 |
| 46 18 30 41 37 38 19 | 49 20 13 32 27 28 12 | 26  6 35  9 31  3 43 | 11 17 36 29 40 44 24 |  5 48 34  1  8  2 15 | 23 42 33 39  7 21 47 | 25 14 16 22 45  4 10 |
| 36 40 44 17 24 29 11 |  6  3  9 31 26 35 43 | 38 19 46 41 30 18 37 | 42 39 21 23 33 47  7 | 45 16 14 10  4 22 25 | 48  2  8  1  5 15 34 | 20 27 49 28 13 12 32 |
| 10 14 25 22 16  4 45 |  7 47 42 21 33 39 23 |  8  5  1  2 15 34 48 | 13 28 32 12 27 20 49 | 19 37 18 46 38 41 30 | 43  9 26 35  6 31  3 | 44 40 24 17 11 29 36 |
+----------------------+----------------------+----------------------+----------------------+----------------------+----------------------+----------------------+
| 37 41 19 38 30 46 18 | 20 13 27 49 28 12 32 | 35  3 43 26  6  9 31 | 40 29 24 36 17 11 44 | 34 15  2 48  1  8  5 | 21 33 39 23 47  7 42 | 45 22 25  4 14 10 16 |
| 49 28 13 12 20 32 27 | 34  2  8  5  1 48 15 | 10 14 16  4 45 22 25 | 26 43  6 31 35  9  3 | 40 44 17 24 36 29 11 | 30 38 46 37 18 19 41 | 42 39 47 23 33 21  7 |
| 16 22 45  4 25 10 14 | 47 42 33  7 39 23 21 |  1 34 48  8  5  2 15 | 27 12 49 32 28 13 20 | 18 30 41 37 46 38 19 | 31 26 35 43  3  6  9 | 11 17 44 29 40 36 24 |
| 48  2  5  8 15  1 34 | 44 11 40 24 17 29 36 | 39 47 23 33  7 42 21 | 14  4 16 10 22 45 25 |  3 31  9 43 35 26  6 | 32 27 28 12 20 49 13 | 19 41 30 38 18 46 37 |
| 24 17 11 29 44 36 40 |  3  9 26  6 35 43 31 | 46 18 37 38 19 41 30 | 33 23  7 21 39 42 47 | 14 25 22 16 10  4 45 | 15  8  1 48 34  5  2 | 13 28 20 12 27 32 49 |
| 43  9  6 26 31 35  3 | 25 45 14 16 22  4 10 | 28 20 12 27 49 13 32 | 18 38 37 46 41 19 30 | 47 21 42 23 39 33  7 | 36 40 17 29 44 24 11 |  5  2 15  8 34  1 48 |
|  7 39 42 23 47 21 33 | 18 41 38 19 46 37 30 | 36 40 24 29 11 17 44 |  8 48  5 15  1  2 34 | 27 20 28 49 32 12 13 | 25  4 10 16 14 45 22 |  9 35  3 43 26 31  6 |
+----------------------+----------------------+----------------------+----------------------+----------------------+----------------------+----------------------+
