+----------------------+----------------------+----------------------+----------------------+----------------------+----------------------+----------------------+
| 23 48 29  9 33 27 46 | 22 44  3 11 36 25  4 | 18 41  7  8 17 13 43 | 47 14 34 21 49 28 12 | 38  6  5 20 10 19  2 | 15 39 24 26 16 42 30 | 32  1 35 40 45 37 31 |
| 15 26 39 42 30 16 24 | 38  6  5  2 19 10 20 | 46 27 29  9 23 33 48 |  1 35 37 32 45 40 31 | 43 18  8 17  7 41 13 | 28 21 47 12 14 34 49 | 25 44 36  4 11  3 22 |
|  4 22 25  3 11 36 44 | 26 24 42 30 16 39 15 |  1 35 32 37 40 45 31 | 18 41  8  7 13 17 43 | 12 47 34 28 21 14 49 | 20 10  6 38 19  5  2 | 29 46 27 23 33  9 48 |
| 20 38 10  5  2 19  6 | 12 47 34 49 14 21 28 | 44 36 25  3  4 11 22 | 46 27  9 29 33 23 48 | 31  1 37 40 32 35 45 | 17  7 18 43 41  8 13 | 39 24 16 15 30 42 26 |
| 28 12 21 34 49 14 47 | 43 18  8 13 41  7 17 | 24 16 39 42 15 30 26 | 44 36  3 25 11  4 22 | 48 46  9 23 29 27 33 | 40 32  1 31 35 37 45 | 10  6 19 20  2  5 38 |
| 40 31 32 37 45 35  1 | 48 46  9 33 27 29 23 | 47 14 21 34 28 49 12 |  6 19  5 10  2 20 38 | 26 24 42 15 39 16 30 |  4 25 44 22 36  3 11 |  7 18 41 17 13  8 43 |
| 17 43  7  8 13 41 18 | 31  1 37 45 35 32 40 |  6 19 10  5 20  2 38 | 24 16 42 39 30 15 26 | 22 44  3  4 25 36 11 | 23 29 46 48 27  9 33 | 21 47 14 28 49 34 12 |
+----------------------+----------------------+----------------------+----------------------+----------------------+----------------------+----------------------+
| 46 29 33 48  4  9 27 | 25 36 22 15  3 11 44 | 41  8 13 43 18 40  7 | 14 34 12 49 17 47 21 | 10 19 38  6  2  5 28 | 24 30 16 39 42 26 20 | 45 35 37  1 23 31 32 |
|  6 10  2 38 28  5 19 | 21 14 12 17 34 49 47 | 36  3 11 22 44 15 25 | 27  9 48 33  4 46 29 | 32 35 31  1 45 37 23 | 18 13 41  7  8 43 40 | 30 16 42 24 20 26 39 |
| 18  7 13 43 40  8 41 | 32 35 31 23 37 45  1 | 19  5  2 38  6 28 10 | 16 42 26 30 20 24 39 | 25 36 22 44 11  3 15 | 46 33 27 29  9 48  4 | 49 14 34 47 17 12 21 |
| 47 21 49 12 17 34 14 |  7 41 43 40  8 13 18 | 16 42 30 26 24 20 39 | 36  3 22 11 15 44 25 | 29 27 48 46 33  9  4 |  1 45 35 32 37 31 23 |  2 19  5  6 28 38 10 |
| 24 39 30 26 20 42 16 | 10 19 38 28  5  2  6 | 27  9 33 48 46  4 29 | 35 37 31 45 23  1 32 |  7 41 43 18 13  8 40 | 47 49 14 21 34 12 17 | 11 36  3 44 15 22 25 |
| 44 25 11 22 15  3 36 | 39 16 26 20 42 30 24 | 35 37 45 31  1 23 32 | 41  8 43 13 40 18  7 | 21 14 12 47 49 34 17 |  6  2 19 10  5 38 28 | 33 27  9 46  4 48 29 |
|  1 32 45 31 23 37 35 | 29 27 48  4  9 33 46 | 14 34 49 12 47 17 21 | 19  5 38  2 28  6 10 | 39 16 26 24 30 42 20 | 44 11 36 25  3 22 15 | 13 41  8 18 40 43  7 |
+----------------------+----------------------+----------------------+----------------------+----------------------+----------------------+----------------------+
| 10 14 34 47 12 28  2 | 41 49 18 43 17  8 21 | 11 15 42 24 25 26 16 | 33  4 44  3 22 29 36 | 27 45 46 32  9 23 48 |  7 37 13 35 40  1 31 |  5 30 20 39 38  6 19 |
| 39 19  5  6 38 20 30 | 14  2 47 12 28 34 10 | 33  4  3 44 29 22 36 | 45 23 46  9 48 32 27 | 35 13  1  7 37 40 31 | 21  8 49 41 17 18 43 | 42 11 15 25 26 24 16 |
| 29 36  3 44 22  4 33 | 16 11 24 26 15 42 25 | 13 40 37  1  7 31 35 | 49 17 18  8 43 21 41 | 14  2 47 10 34 28 12 | 39  5 30 19 20  6 38 |  9 45 23 32 48 46 27 |
| 21 41  8 18 43 17 49 | 35 13  1 31 40 37  7 | 30 20  5  6 39 38 19 | 11 15 24 42 26 25 16 | 36 33 44 29  3  4 22 | 32  9 45 27 23 46 48 | 34  2 28 10 12 47 14 |
| 32 27  9 46 48 23 45 | 36 33 44 22  4  3 29 | 49 17  8 18 21 43 41 |  2 28 47 34 12 10 14 | 19 30  6 39  5 20 38 | 25 42 11 16 15 24 26 | 37 13 40  7 31  1 35 |
| 25 16 42 24 26 15 11 | 19 30  6 38 20  5 39 | 45 23  9 46 32 48 27 | 13 40  1 37 31  7 35 | 41 49 18 21  8 17 43 | 10 34  2 14 28 47 12 |  3 33  4 29 22 44 36 |
|  7 35 37  1 31 40 13 | 27 45 46 48 23  9 32 |  2 28 34 47 10 12 14 | 30 20  6  5 38 39 19 | 16 11 24 25 42 15 26 | 29  3 33 36  4 44 22 |  8 49 17 21 43 18 41 |
+----------------------+----------------------+----------------------+----------------------+----------------------+----------------------+----------------------+
| 49  8 43 41  7 18 17 | 37 40 35 32  1 31 13 | 20  6 38 19 30 10  5 | 15 24 16 26 39 11 42 |  3  4 36 33 22 44 25 | 45 48 23  9 46 27 29 | 12 28 47  2 21 14 34 |
| 33  3 22 36 25 44  4 | 42 15 16 39 24 26 11 | 40  1 31 35 13 32 37 | 17 18 41 43  7 49  8 | 34 28 14  2 12 47 21 | 30 38 20  5  6 19 10 | 48 23 46 45 29 27  9 |
| 45  9 48 27 29 46 23 |  3  4 36 25 44 22 33 | 17 18 43 41 49  7  8 | 28 47 14 12 21  2 34 |  5 20 19 30 38  6 10 | 11 26 15 42 24 16 39 | 31 40  1 13 32 35 37 |
| 11 42 26 16 39 24 15 |  5 20 19 10  6 38 30 | 23 46 48 27 45 29  9 | 40  1 35 31 32 13 37 |  8 17 41 49 43 18  7 |  2 12 28 34 47 14 21 | 22  4 44 33 25 36  3 |
|  2 34 12 14 21 47 28 |  8 17 41  7 18 43 49 | 15 24 26 16 11 39 42 |  4 44 36 22 25 33  3 |  9 23 27 45 48 46 29 | 13 31 40 37  1 35 32 | 38 20  6 30 10 19  5 |
| 30  5 38 19 10  6 20 | 34 28 14 21 47 12  2 |  4 44 22 36 33 25  3 | 23 46 27 48 29 45  9 | 37 40 35 13 31  1 32 | 49 43 17  8 18 41  7 | 26 15 24 11 39 16 42 |
| 13 37 31 35 32  1 40 |  9 23 27 29 46 48 45 | 28 47 12 14  2 21 34 | 20  6 19 38 10 30  5 | 42 15 16 11 26 24 39 | 33 22  4  3 44 36 25 | 43 17 18 49  7 41  8 |
+----------------------+----------------------+----------------------+----------------------+----------------------+----------------------+----------------------+
| 19  2 28 10 47 38  5 | 49 34 21 18 12 17 14 |  3 22 15 25 36 24 11 |  9 48 29  4 44 27 33 | 45 37 32 35 23 31 46 | 41 40  8 13 43  7  1 | 20 42 26 16  6 39 30 |
| 27 33  4 29 44 48  9 | 11  3 25 24 22 15 36 |  8 43 40  7 41  1 13 | 34 12 21 17 18 14 49 |  2  5 10 19 28 38 47 | 16 20 42 30 26 39  6 | 23 37 31 35 46 32 45 |
| 41 13 40  7  1 43  8 | 45 37 32 46 31 23 35 |  5 38 28 10 19 47  2 | 42 26 39 20  6 16 30 | 11  3 25 36 15 22 24 | 27  4  9 33 48 29 44 | 17 34 12 14 18 21 49 |
| 36 11 15 25 24 22  3 | 30 42 39  6 26 20 16 | 37 31 23 32 35 46 45 |  8 43  7 40  1 41 13 | 49 34 21 14 17 12 18 | 19 28  5  2 38 10 47 |  4  9 48 27 44 29 33 |
| 35 45 23 32 46 31 37 | 33  9 29 44 48  4 27 | 34 12 17 21 14 18 49 |  5 38 10 28 47 19  2 | 30 42 39 16 20 26  6 | 36 15  3 11 22 25 24 | 40  8 43 41  1  7 13 |
| 14 49 17 21 18 12 34 | 13  8  7  1 43 40 41 | 42 26 20 39 16  6 30 |  3 22 25 15 24 36 11 | 33  9 29 27  4 48 44 | 35 23 37 45 31 32 46 | 28  5 38 19 47 10  2 |
| 16 30 20 39  6 26 42 |  2  5 10 47 38 28 19 |  9 48  4 29 27 44 33 | 37 31 32 23 46 35 45 | 13  8  7 41 40 43  1 | 14 17 34 49 12 21 18 | 15  3 22 36 24 25 11 |
+----------------------+----------------------+----------------------+----------------------+----------------------+----------------------+----------------------+
| 26  6 19 20  5 30 39 | 47 10 28 34  2 14 38 | 29 33 36  4 48  3 44 | 32 45 23 27  9 31 46 |  1  7 40 43 35 13 37 | 12 41 21 18 49 17  8 | 16 25 11 22 42 15 24 |
| 43  1 35 40 37 13  7 | 46 32 23  9 45 27 31 | 10  2 14 28 38 34 47 | 39 30 20 19  5 26  6 | 24 25 15 22 16 11 42 | 48 36 29 44 33  4  3 | 41 21 49 12  8 17 18 |
| 38 47 14 28 34  2 10 | 18 21 17  8 49 41 12 | 25 11 16 15 22 42 24 | 29 33  4 36  3 48 44 | 46 32 23 31 27 45  9 | 43 35  7  1 13 40 37 | 19 39 30 26  5 20  6 |
| 48 44 36  4  3 33 29 | 24 25 15 42 11 16 22 |  7 13 35 40 43 37  1 | 21 49 17 41  8 12 18 | 47 10 28 38 14  2 34 | 26 19 39  6 30 20  5 | 27 32 45 31  9 23 46 |
| 31 46 27 23  9 45 32 | 44 29  4  3 33 36 48 | 21 49 41 17 12  8 18 | 10  2 28 14 34 38 47 |  6 39 20 26 19 30  5 | 22 16 25 24 11 15 42 | 35  7 13 43 37 40  1 |
| 22 24 16 15 42 11 25 |  6 39 20  5 30 19 26 | 32 45 27 23 31  9 46 |  7 13 40 35 37 43  1 | 18 21 17 12 41 49  8 | 38 14 10 47  2 28 34 | 36 29 33 48  3  4 44 |
| 12 18 41 17  8 49 21 |  1  7 40 37 13 35 43 | 39 30 19 20 26  5  6 | 25 11 15 16 42 22 24 | 44 29  4 48 36 33  3 | 31 27 32 46 45 23  9 | 14 10  2 38 34 28 47 |
+----------------------+----------------------+----------------------+----------------------+----------------------+----------------------+----------------------+
|  8 40  1 13 35  7 43 | 23 31 45 27 32 46 37 | 38 10 47  2  5 14 28 | 26 39 30  6 19 42 20 | 15 22 11  3 24 25 16 |  9 44 48  4 29 33 36 | 18 12 21 34 41 49 17 |
|  9  4 44 33 36 29 48 | 15 22 11 16 25 24  3 | 43  7  1 13  8 35 40 | 12 21 49 18 41 34 17 | 28 38  2  5 47 10 14 | 42  6 26 20 39 30 19 | 46 31 32 37 27 45 23 |
| 37 23 46 45 27 32 31 |  4 48 33 36 29 44  9 | 12 21 18 49 34 41 17 | 38 10  2 47 14  5 28 | 20 26 30 42  6 39 19 |  3 24 22 15 25 11 16 |  1 43  7  8 35 13 40 |
| 42 20  6 30 19 39 26 | 28 38  2 14 10 47  5 | 48 29 44 33  9 36  4 | 31 32 45 46 27 37 23 | 40 43 13  8  1  7 35 | 34 18 12 17 21 49 41 | 24 22 25  3 16 11 15 |
|  5 28 47  2 14 10 38 | 17 12 49 41 21 18 34 | 22 25 24 11  3 16 15 | 48 29 33 44 36  9  4 | 23 31 45 37 46 32 27 |  8  1 43 40  7 13 35 |  6 26 39 42 19 30 20 |
|  3 15 24 11 16 25 22 | 20 26 30 19 39  6 42 | 31 32 46 45 37 27 23 | 43  7 13  1 35  8 40 | 17 12 49 34 18 21 41 |  5 47 38 28 10  2 14 | 44 48 29  9 36 33  4 |
| 34 17 18 49 41 21 12 | 40 43 13 35  7  1  8 | 26 39  6 30 42 19 20 | 22 25 11 24 16  3 15 |  4 48 33  9 44 29 36 | 37 46 31 23 32 45 27 | 47 38 10  5 14  2 28 |
+----------------------+----------------------+----------------------+----------------------+----------------------+----------------------+----------------------+
