+---------------------------------------------+---------------------------------------------+---------------------------------------------+---------------------------------------------+---------------------------------------------+---------------------------------------------+---------------------------------------------+---------------------------------------------+---------------------------------------------+---------------------------------------------+---------------------------------------------+
|  14  50  67  91  28  46  95 105  76  22  42 |  16  54  39  52  27  44  72  35  55  24 104 |   2  47  74  56  92  17  96  62   3  43  12 | 103  60  59  33 112  15   1  29   6 118  18 | 111  58  23  51  87  49  48  40 113  21  88 |  41 109  36  53  97  85  73  64  25   8  19 |  38  94  79  63  20  31   7 108 120  82  26 |  10   4  81  93  78  11  90  70 121  71   5 | 107  69 116  75  77 117  98 106  68  99  45 | 100  32 114  65  34 115  61  66 102  84   9 |  80  13 110  30 101  89 119  86  57  83  37 |
|  47   3  17  56  43  62  96   2  74  12  92 |  84 102 100  65 115  32  34   9  61  66 114 |  31  94  26  20  63  82  38 120   7  79 108 |  86  37 110  89 101  30  83  57 119  80  13 |  54  55 104  16  35  44  39  72  52  27  24 |  67 105  14  91  46  76  50  22  95  28  42 |  68 106  75 107  69  45 116  99  98 117  77 | 109  41  73  64  19  85  97  36  25   8  53 | 112  15   1   6  59  60  33 103  29  18 118 |  90   5  81   4  78  70  71  11 121  10  93 |  51  87  88  49  40  48  58  21 111  23 113 |
|  86  83  37  30 119  89  57  80 110  13 101 |   2  96  62  17  47  56  92  12  43  74   3 |  51  21  88  49  40 113 111  48  23  58  87 |  70   4  11  90  78   5  81 121  71  10  93 |  95  28  50 105  22  91  46  42  67  14  76 |  60 118 103  15  33  59   1  18  29   6 112 |  54  27  55  72  44  16 104  35  39  52  24 |  45 117 116  99 107  77  98 106  68  75  69 |  34  32 114  61  66  65 100 115 102   9  84 | 120  20   7  82  63  94  79  26  38  31 108 | 109  64  85  53  19  97   8  36  25  73  41 |
|  36  73  41  53   8  97  25 109  85  64  19 |  51 111  48 113  21  49  40  87  58  88  23 | 105  14  76  91  42  67  95  46  50  28  22 | 106 117  77  98 107  69 116  68  75  45  99 |  57 119  83  80  13  30  89 101  37  86 110 |   4  10  70   5  90  11  81  93 121  71  78 |  96  47  43  92  56   2   3  12  62  17  74 |  84  65 114   9  34  66 100 115 102  61  32 |  63  20   7  79  26  82 120  94  38 108  31 |  39  44 104  52  72  27  55  24  54  16  35 | 118  18  59  15 112  33   6 103  29   1  60 |
|  70  81   4   5  71  90 121  10  11  93  78 |  80  57  89  37  86  30 101  13 119 110  83 | 109  36  85  53  19  41  25  97  73   8  64 |  94  82  26 120  63  20   7  38  79  31 108 |  29   6   1 118  18  15  33 112  60 103  59 |  65  84 115  32 100  66 114   9 102  61  34 |  95  14  28  42  91 105  50  22  46  67  76 |  16  52 104  35  72  24  39  27  54  55  44 |  92  56   3  43  74  17  62  47  96  12   2 |  48  49  23 113  40  21  58  88 111  51  87 |  45  99  77  69 107  98  75 106  68 116 117 |
|  27 104  52  44  55  39  54  16  24  35  72 |  45  68  98 117 106  69 107  99  75  77 116 |  84 115  66  32  34  65 102 100 114  61   9 |  14  67  76  46  42  91  50  95  28 105  22 |  38  79   7  31 108  20 120  63  82  94  26 | 113  51  21  49  48  88  23  87 111  58  40 | 121  70  71  78   5  10  81  93  90   4  11 |  80  37  83  13 101 110  89  86  57 119  30 |  19  53  73   8  85  41  97  36  25  64 109 |  33  15   1  60 112 103   6  59  29 118  18 |   2  12  74  56  92  62  43  47  96   3  17 |
| 106 116 117  69  75  98  68  45  77  99 107 | 109  25  97  41  36  53  19  64   8  85  73 | 118 103  59  15 112  60  29  33   1   6  18 |  27  52  24  39  72  44 104  54  55  16  35 | 121  71  81  10  93   5  90  78   4  70  11 |  82  31  94  20 120  26   7 108  38  79  63 |  57  86 119 101  30  80  83  13  89  37 110 |   2  17   3  12  92  74  62  47  96  43  56 |  40  49  23  58  88 113  48  21 111  87  51 |  46  91  50  67  42  14  28  76  95 105  22 |  84   9  66  32  34 100  61 115 102 114  65 |
| 103   1  60  15   6  33  29 118  59  18 112 | 105  95  46  67  14  91  42  22  28  76  50 |  80  86 110  30 101  37  57  89  83 119  13 | 115  65  66 100  34  32 114 102  61  84   9 |  25   8  73 109  64  53  97  19  41  36  85 | 117  45 106  69  98  77 116  99  68  75 107 | 111  21  58  40  49  51  23  87  48 113  88 |  31  82   7 108  63  26 120  94  38  79  20 |  72  44 104  55  24  52  39  27  54  35  16 |  62  56   3  17  92  47  43  74  96   2  12 |  10  93  11   5  78  90  71  70 121  81   4 |
|  21  23 113  49  58  48 111  51  88  87  40 |  31  38 120  82  94  20  63 108  79  26   7 |  16  27  24  44  72  52  54  39 104  55  35 |  36  41  85  97  19  53  73  25   8 109  64 |  96  43   3   2  12  56  62  92  17  47  74 |  37  80  86  30  89 110  83  13  57 119 101 | 102 115  61  34  32  84 114   9 100  65  66 | 118  60   1  18 112  59  33 103  29   6  15 |  78   5  81  71  11   4  90  70 121  93  10 |  98  69 116 117 107 106  75  77  68  45  99 | 105  22  76  91  42  46  28  14  95  50  67 |
|  94   7  82  20  79 120  38  31  26 108  63 |  10 121  90   4  70   5  78  93  71  11  81 |  45 106  77  69 107 117  68  98 116  75  99 |  21 113  88  48  40  49  23 111  58  51  87 | 102  61 114  84   9  32 100  34  65 115  66 |  17   2  47  56  62  74   3  12  96  43  92 |  29 103   6 112  15 118   1  18  33  60  59 | 105  67  50  22  42  76  46  14  95  28  91 | 101  30  83 119 110  37  89  86  57  13  80 |  97  53  73  41  19  36   8  85  25 109  64 |  16  35  24  44  72  39  55  27  54 104  52 |
| 115 114  65  32  61 100 102  84  66   9  34 | 118  29  33  60 103  15 112  18   6  59   1 |  10  70  11   5  78   4 121  90  81  71  93 |  47  17  74  62  92  56   3  96  43   2  12 |  68  75 116  45  99  69  98 107 117 106  77 |  52  16  27  44  39  24 104  35  54  55  72 |  25  36   8  19  53 109  73  64  97  41  85 |  51 113  23  87  40  88  48  21 111  58  49 |  42  91  50  28  76  67  46  14  95  22 105 |  89  30  83  37 101  86 119 110  57  80  13 |  31 108  26  20  63 120  79  94  38   7  82 |
+---------------------------------------------+---------------------------------------------+---------------------------------------------+---------------------------------------------+---------------------------------------------+---------------------------------------------+---------------------------------------------+---------------------------------------------+---------------------------------------------+---------------------------------------------+---------------------------------------------+
|  66  34  93  65  84 115 114  90  32 102  61 |  89   1 103  13  59  60   6  29 118  15 112 |  97  11   5   4  71  64  81  70  78  10 121 |  74 108  56  47  43  17  92   3   2 120  96 | 116  45 107  33  68 117 106  75  18  77  69 |   9 100  24  52  27  44  72  54 104  16  55 |  73  85 109   8  41  46  19  25  36  22  53 |  39  35  40 111  58  49  21  88  23  51 113 |  28  67  42 105  91  12  14  76  50  95  62 |  86  37 101  87 119 110  80  30  83  48  57 |  98  38  20  82  79  94  31  26   7  63  99 |
|  88  40  35 113  51  21  23  39  49 111  58 |  98   7  94  99  26  82  79  38  31  20  63 | 100  24  44  52  55   9 104  27  72  16  54 |  85  22  53  36   8  41  19  73 109  46  25 |   3   2  92 120  96  17  47  43 108  74  56 |  87  48 110  37  86  30 101  57  83  80 119 | 114  66  84  61  65  90  34 102 115  93  32 |  89  13 112  29   6  15 103  59   1 118  60 |  71   4  78  10   5  64  70  11  81 121  97 | 106 117 107  18  75  77  45  69 116  33  68 |  62  95  91  67  28  14 105  76  50  42  12 |
| 110 101  87  37  80  86  83  48  30  57 119 | 120   3  47 108  74  17  43  96   2  56  92 |  39  88  49 113  58  35  23  21  40  51 111 |  11  64   5  70  71   4  78  81  10  97 121 |  50 105  42  62  95  67  14  28  12  76  91 |  13  89  59  60 103  15 112  29   1 118   6 | 104  24  16  55  52 100  72  54  27   9  44 |  33  18 107  68  75  69 106  77 116  45 117 |  61  65  34  84  32  93 115  66 114 102  90 |  94  82  63  99  79  26  31  20   7  98  38 |  46  25  53  41   8  36 109  85  73  19  22 |
|  11  78  64   4  10  70  81  97   5 121  71 |  48  83  86  87 110  37 119  57  80  30 101 |  46  85  53  41   8  22  73  36  19 109  25 |  26  99  20  94  79  82  63   7  31  98  38 |   1 118 112  89  29  60 103   6  13  59  15 |  93  90  66  65 115  32  34 102 114  84  61 |  50  76 105  28  67  62  42  95  14  12  91 | 100   9  72  54  55  44  27  24 104  16  52 |  43  17  92   2  56 108  47  74   3  96 120 |  21 113  40  35  58  88  51  49  23  39 111 |  33  68  69 117  75 106  45  77 116 107  18 |
|  59 112  13  60 118 103   1  89  15  29   6 |  62  50  14  12  76  67  28  95 105  91  42 |  48 110  30  37 119  87  83  86 101  80  57 |  66  93  32 115  61  65  34 114  84  90 102 |  73 109  19  46  25  41  36   8  22  85  53 |  18  33  77 117 106  69 107  68 116  45  75 |  23  88  51  58 113  39  40 111  21  35  49 |  98  99  63  38  79  20  94  26   7  31  82 |  55  52  72  16  44   9  27  24 104  54 100 |  47  17  92 108  43  74   2  56   3 120  96 |  97 121   5   4  71  70  10  11  81  78  64 |
|  85  19  22  41 109  36  73  46  53  25   8 |  39  23  21  35  88 113  58 111  51  49  40 |  62  76  91  67  28  12  50  14  42 105  95 |  77  18  69 106  75 117 107 116  45  33  68 |  83  80 101  48  57  37  86 119  87 110  30 |  64  97  11   4  70   5  78 121  81  10  71 |   3  74   2  43  17 120  92  96  47 108  56 |  90  93  34 102  61  32 115  66 114  84  65 |  79  82  63  31  20  99  94  26   7  38  98 |  27  52  72   9  55  24  16  44 104 100  54 |  89  29  15  60   6 103 118  59   1 112  13 |
|  76  42  12  67 105  14  50  62  91  95  28 | 100 104  27   9  24  52  55  54  16  44  72 | 120  74  56  17  43 108   3  47  92   2  96 |  59  13  15 103   6  60 112   1 118  89  29 |  23  51  40  39 111 113  21  58  35  88  49 |  22  46  85  41  36  53  19  25  73 109   8 |   7  26  31  79  82  98  63  38  94  99  20 |  97  64  78 121  71   5  70  11  81  10   4 |  75 117 107  45  69  18 106  77 116  68  33 | 115  65  34  93  61  66  84  32 114  90 102 |  48  57  30  37 119  86  80 110  83 101  87 |
|  74  92 108  17   2  47   3 120  56  96  43 |  90 114 115  93  66  65  61 102  84  32  34 |  98  26  20  82  79  99   7  94  63  31  38 | 110  87  30  86 119  37 101  83  80  48  57 | 104  16  72 100  54  52  27  55   9  24  44 |  12  62  76  67  14  91  42  95  50 105  28 | 116  77  45  75 117  33 107  68 106  18  69 |  46  22  19  25   8  53  36  85  73 109  41 |   6  60 112 118  15  13 103  59   1  29  89 |  70   4  78  64  71  11  10   5  81  97 121 |  39 111  49 113  58  21  51  88  23  40  35 |
|  24  72   9  52  16  27 104 100  44  54  55 |  33 116 106  18  77 117  75  68  45  69 107 |  90  66  32  65  61  93 114 115  34  84 102 |  76  12  91  14  28  67  42  50 105  62  95 |   7  31  63  98  38  82  94  79  99  26  20 |  35  39  88 113  21  49  40 111  23  51  58 |  81  11  10  71   4  97  78 121  70  64   5 |  48  87 101  57 119  30  86 110  83  80  37 |   8  41  19 109  53  22  36  85  73  25  46 | 103  60 112  13   6  59 118  15   1  89  29 | 120  96  56  17  43  47   2  74   3  92 108 |
|  77 107  18 117  45 106 116  33  69  68  75 |  46  73  36  22  85  41   8  25 109  53  19 |  89  59  15  60   6  13   1 103 112 118  29 |  24   9  44  27  55  52  72 104  16 100  54 |  81  10  78  97 121   4  70  71  64  11   5 |  99  98  26  82  94  20  63  38   7  31  79 |  83 110  80 119  37  48 101  57  86  87  30 | 120 108  92  96  43  56  47  74   3   2  17 |  58 113  40  51  49  35  21  88  23 111  39 |  14  67  42  12  28  76 105  91  50  62  95 |  90 102  32  65  61 115  84  66 114  34  93 |
|  26  63  99  82  31  94   7  98  20  38  79 |  97  81  70  64  11   4  71 121  10   5  78 |  33  77  69 117  75  18 116 106 107  45  68 |  88  35  49  21  58 113  40  23  51  39 111 | 114  84  34  90 102  65 115  61  93  66  32 | 108 120  74  17  47  56  92  96   3   2  43 |   1  59 118   6  60  89 112  29 103  13  15 |  62  12  42  95  28  91  14  76  50 105  67 | 119  37 101  80  30  87  86 110  83  57  48 |  36  41  19  22   8  85 109  53  73  46  25 | 100  54  44  52  55  27  16  24 104  72   9 |
+---------------------------------------------+---------------------------------------------+---------------------------------------------+---------------------------------------------+---------------------------------------------+---------------------------------------------+---------------------------------------------+---------------------------------------------+---------------------------------------------+---------------------------------------------+---------------------------------------------+
|  57  86 119 101  30  13  89  37  83 118 110 |  17  62  12  43  96  92  74 105  56   3  47 | 113 111  23  40  88  58  48  87  21  49  80 | 121  71  81  93  11  78  70  90   5   4  84 |  46  91  14  67 109  42  22  76  28  95  50 |   6  60  29 112  18   1 103  45  33  15  59 |  39  54  44  24  72  52  27  51  35  55 104 | 117  75 106  31  77 116  99  68  98  69 107 |  66  34 115  32 114  61   9 102 100  16  65 | 108  63  94  79  26  38  20   7 120  82   2 |  41  10  73  19  85  64  53  25  97  36   8 |
|  95  14  28  42  91  22  46  67  50 109  76 |  52  39  35  55  54  72  24  51  44 104  27 |  17  96   3  92  74  43  62  12  47  56 105 |  29   6   1  18  59 112 103  33  15  60  45 |  48  49  21 113  80  40  87  88  58 111  23 |   8  41  25  19  64  73  36  10  97  53  85 | 120  38  20  26  63  82  94   2 108  79   7 |   4  71  70  84  11  81  93 121  90   5  78 |  77 107 106  69 116  75  99  68  98  31 117 |   9  34 115  61  66 102  32 114 100  65  16 |  37 118  83 101 110  13  30  57  89  86 119 |
|  96  47  43  92  56  12  62  17   3 105  74 |  65 100   9  61 102  34  66  16  32 114 115 |  82  38   7  63  26  79 120 108  94  20   2 |  57 119  83  13 110 101  86  89  30  37 118 |  39  44  27  52  51  72  35  24  55  54 104 |  28  67  95  42  22  50  14 109  46  91  76 |  98  68  69  77 107 117 106  31  99  75 116 |  41   8  36  10  85  73  64  25  97  53  19 |  59 112 103  15   1   6  18  29  33  45  60 |  93  78  70  71  11 121   5  81  90   4  84 | 113  80  23  40  88  87  49 111  48  21  58 |
| 102 115  61  34  32   9 100  65 114  16  66 |  60  33  18   6  29 112  59  45  15   1 103 |   4 121  81  78  11  71  90  93  70   5  84 |  96  43   3  12  74  92  47  62  56  17 105 |  98  69 106 117  31 107  99  77  75  68 116 |  55  52  54  72  35 104  27  51  39  44  24 |  97  25  53  85  19  41  36  10  64   8  73 | 113  58  21  80  88  23  87 111  48  49  40 |  76  42  14  91  50  28  22  95  46 109  67 |  13 101  86 119 110  57  30  83  89  37 118 |  82   2   7  63  26 108  20  38 120  94  79 |
| 121  70  71  78   5  93  90   4  81  84  11 |  37  89  13 119  57 101 110 118  30  83  86 |  41  25  73  19  85   8  97  64  36  53  10 |  38  79   7 108  26  63  94 120  20  82   2 |  33  15 103  60  45 112  18  59   6  29   1 |  61  65 102  34   9 114 115  16 100  32  66 |  46  95  91  76  42  67  14 109  22  28  50 |  52  55  27  51  24 104  35  54  39  44  72 |  74  92  47  56   3  43  12  96  62 105  17 |  87  40  21  58  88 111  49  23  48 113  80 | 117  31 116 107  77  99  69  68  98 106  75 |
| 111  21  58  40  49  87  48 113  23  80  88 |  82 120 108  79  38  63  26   2  20   7  94 |  52  54 104  72  24  55  39  35  27  44  51 |  25   8  73  64  85  19  36  97  53  41  10 |  62  56  47  17 105  92  12  74  43  96   3 | 119  37  57 101  13  83  86 118  89  30 110 | 100 102  32  66  34  65 115  16   9  61 114 |  60   6 103  45  59   1  18  29  33  15 112 |  11  78  70   5  81  71  93 121  90  84   4 |  99 107 106  75  77  68  69 116  98 117  31 |  67 109  50  42  76  22  91  95  46  14  28 |
|  68 106  75 107  69  99  98 117 116  31  77 |  41  97  64   8  25  19  85  10  53  73  36 |  60  29   1 112  59   6  33  18 103  15  45 |  54  55 104  35  24  72  27  39  44  52  51 |  90   5  70   4  84  78  93  11  71 121  81 |  79  82  38  63 108   7  94   2 120  20  26 |  89  57  30 110 101  37  86 118  13 119  83 |  17  43  47 105  74   3  12  96  62  56  92 |  88  40  21  49  23  58  87 111  48  80 113 |  22  42  14  28  76  95  91  50  46  67 109 |  65  16 114  34  66   9  32 102 100 115  61 |
|  38  94  79  63  20 108 120  82   7   2  26 |   4  90  93  71 121  78  11  84   5  81  70 | 117  68 116 107  77  75  98  99 106  69  31 | 111  58  23  87  88  40  21  48  49 113  80 | 100  32 115  65  16  34   9  66  61 102 114 |  43  17  96  92  12   3  47 105  62  56  74 |  33  29  15  59 112  60 103  45  18   6   1 |  67  28  14 109  76  50  22  95  46  91  42 | 110 101  86  30  83 119  13  57  89 118  37 |  64  19  36   8  85  25  53  73  97  41  10 |  52  51 104  72  24  35  44  54  39  27  55 |
|  54  27  55  72  44  35  39  52 104  51  24 | 117  98  99  75  68 107  77  31  69 116 106 |  65 102 114  34  66  61 100   9 115  32  16 |  95  28  50  22  76  42  14  46  91  67 109 | 120  20  94  82   2  63 108  26  79  38   7 |  58 113 111  40  87  23  21  80  48  49  88 |  90 121   5  11  78   4  70  84  93  71  81 |  37 119  86 118 110  83  13  57  89  30 101 |  85  19  36  53  73   8  64  25  97  10  41 |  18 112 103   6  59  29  15   1  33  60  45 |  17 105   3  92  74  12  56  96  62  47  43 |
|  29 103   6 112  15  18  33  60   1  45  59 |  67  46  22  28  95  42  76 109  91  50  14 |  37  57  83 101 110 119  89  13  86  30 118 | 102  61 114   9  66  34 115 100  32  65  16 |  97  53  36  41  10  19  64  85   8  25  73 |  75 117  68 107  99 116 106  31  98  69  77 |  48 111  49  88  40 113  21  80  87  58  23 |  82  79  94   2  26   7 108  38 120  20  63 |  24  72  27  44 104  55  35  54  39  51  52 |  12  92  47  43  74  96  56   3  62  17 105 |   4  84  81  78  11  93   5 121  90  70  71 |
|  25  36   8  19  53  64  97  41  73  10  85 | 113  48  87  58 111  40  88  80  49  23  21 |  67  95  50  42  76  28  46  22  14  91 109 |  68  75 116  99  77 107 106  98  69 117  31 |  89  30  86  37 118 101  13 110 119  57  83 |  71   4 121  78  93  81  70  84  90   5  11 |  62  96  56  74  92  17  47 105  12  43   3 |  65  61 115  16  66 114   9 102 100  32  34 |  26  63  94  20   7  79 108  38 120   2  82 |  35  72  27  55  24  54  44 104  39  52  51 |  60  45   1 112  59  18  15  29  33 103   6 |
+---------------------------------------------+---------------------------------------------+---------------------------------------------+---------------------------------------------+---------------------------------------------+---------------------------------------------+---------------------------------------------+---------------------------------------------+---------------------------------------------+---------------------------------------------+---------------------------------------------+
|  19  53  46 109  22  73  85  95   8  36  41 |  54  88  23  39  40  51 113  21  35  58  49 |  96  42  28 105  67  62  76  50  91  12  14 | 107  33  75 116 117  45  69  77  18  29 106 | 110  87  30 111  86  80  83  37  48 101 119 |  97  25  78  10  81  71   5  70  11  64   4 |  74  92 108  17   2  38  56  47   3 120  43 | 121  90  32 115  65  61 114  34  66  93  84 |  82  31  20  99  79  98   7  63  26  94  68 | 104  16  44 100  52  72   9  55  24 102  27 |  57 103   6 118  60   1  13 112  59  15  89 |
|  92  56 120   2 108   3  74  38  43  47  17 | 121  66 114  90  34  84  65 115  93  61  32 |  68  63  79  31  82  98  26   7  20  99  94 | 101  48 119  83  37  80  30 110  87 111  86 |  24   9  44 102  27  16 104  52 100  72  55 |  62  96  42 105  50  28  91  14  76  12  67 |  77 107  18 117  45  29  69 106 116  33  75 |  95  46  53  36  41   8  73  19  85  22 109 |  60 118  15  13   6  89   1 112  59 103  57 |  81  10   5  97   4  78  64  71  11  25  70 |  54  21  58  51 113  23  35  40  88  49  39 |
|  42  91  62 105  12  50  76  96  28  14  67 | 102  24 104 100  72  16  52  27   9  55  44 |  38  92  43   2  17 120  74   3  56 108  47 | 112  89   6   1  60 118  15  59  13  57 103 |  88  35  49  54  21  51  23 113  39  40  58 |  46  95  19 109  73   8  53  36  85  22  41 |  26  63  99  82  31  68  20  94   7  98  79 |  25  97   5  70   4  71  81  78  11  64  10 | 117  45  69  18  75  33 116 107  77 106  29 | 114  84  32  90  65  34  93  61  66 121 115 | 111  86 119  80  37  83  87 101 110  30  48 |
|  63  20  98  31  99   7  26  68  79  94  82 |  25  11  81  97  78  10   4  70  64  71   5 |  29 107  75  45 117  33  77 116  69  18 106 |  40  39  58  23 113  51  49  88  35  54  21 |  66  93  32 121 115  84 114  65  90  34  61 | 120  38  92   2   3  43  56  47  74 108  17 |  59 112  13  60 118  57  15 103   1  89   6 |  96  62  91  14  67  28  50  42  76  12 105 |  37  80  30  87 119  48  83 101 110  86 111 |  73 109  53  46  41  19  22   8  85  95  36 | 102  27  55  16  52 104   9  72  24  44 100 |
|  72  44 100  16   9 104  24 102  55  27  52 |  29  77 116  33 107  45 117 106  18  75  69 | 121  34  61  84  65  90  66 114  32  93 115 |  42  62  28  50  67 105  91  76  12  96  14 |  26  99  20  68  94  31   7  82  98  63  79 |  39  54  40  51  23  58  49  21  88  35 113 |  11  78  64   4  10  25   5  70  81  97  71 | 111  48  30  86  37 119  83 101 110  87  80 |  41 109  53  22   8  46  73  19  85  36  95 |   1 118  15  89  60 112  13   6  59  57 103 |  38  47  43   2  17   3 108  92  74  56 120 |
| 107  69  33  45  18 116  77  29  75 106 117 |  95  85  73  46  19 109  41  36  22   8  53 |  57 112   6 118  60  89  59   1  15  13 103 |  72 100  55 104  52  16  44  24   9 102  27 |  11  64   5  25  70  10  81   4  97  78  71 |  98  68  63  31   7  79  20  94  26  99  82 | 110 101  87  37  80 111  30  86  83  48 119 |  38 120  56  47  17  43   3  92  74 108   2 | 113  51  49  35  58  39  23  40  88  21  54 |  50 105  91  62  67  42  12  28  76  96  14 | 121 115  61  84  65 114  93  34  66  32  90 |
|  40  49  39  51  35  23  88  54  58  21 113 |  68  26   7  98  63  31  82  94  99  79  20 | 102  72  55  16  52 100  24 104  44   9  27 |  19  46   8  73  41 109  53  85  22  95  36 |  74 108  56  38  47   2   3  17 120  92  43 |  48 111 101  80  83 119  30  86 110  87  37 |  66  34  93  65  84 121  32 115 114  90  61 |  57  89  15 103  60   6   1 112  59  13 118 |   4  10   5  64  71  97  81  78  11  70  25 | 116  45  69  33 117 107  18  75  77  29 106 |  96  14  28 105  67  50  12  42  76  91  62 |
| 101  30  48  80  87  83 110 111 119  86  37 |  38  74   3 120  92   2  17  47 108  43  56 |  54  40  58  51 113  39  88  23  49  35  21 |  78  97  71  81   4  10   5  11  64  25  70 |  76  12  91  96  14 105  50  67  62  42  28 |  89  57 112 118   1   6  15 103  59  13  60 |  24  72   9  52  16 102  44  27 104 100  55 |  29  33  69 106 117  75 116 107  77  18  45 |  65  84  32  93  61  90 114  34  66 115 121 |   7  31  20  98  82  63  99  79  26  68  94 |  95  36   8 109  41  73  22  19  85  53  46 |
| 112  15  89 118  13   1  59  57   6 103  60 |  96  76  50  62  42 105  67  14  12  28  91 | 111 101 119  80  37  48 110  83  30  87  86 |  34  90  61 114  65  84  32  66  93 121 115 |  85  22  53  95  36 109  73  41  46  19   8 |  33  29 107  45 116  75  69 106  77  18 117 |  88  40  35 113  51  54  49  21  23  39  58 |  68  98  20  94  82  79   7  63  26  99  31 |  52  16  44   9  55 100 104  72  24  27 102 |   3   2  56 120  17  92 108  43  74  38  47 |  25  70  71  10   4  81  64  78  11   5  97 |
|  34  32  90  84  93 114  66 121  61 115  65 |  57  59   1  89 112 118  60 103  13   6  15 |  25  78  71  10   4  97  11  81   5  64  70 |  92 120  43   3  17   2  56  74 108  38  47 |  77  18  69  29 106  45 116 117  33 107  75 | 100 102  72  16 104  55  44  27  24   9  52 |  85  19  22  41 109  95  53  36  73  46   8 |  54  39  49  21 113  58  23  40  88  35  51 |  67 105  91  12  28  62  50  42  76  14  96 |  83  80  30  48  37 101  87 119 110 111  86 |  68  94  79  31  82   7  99  63  26  20  98 |
|  78   5  97  10  64  81  11  25  71  70   4 | 111 110  83  48 101  80  37  86  87 119  30 |  95  19   8 109  41  46  85  73  53  22  36 |  63  98  79   7  82  31  20  26  99  68  94 |  59  13  15  57 103 118   1  60  89 112   6 |  90 121  34  84 114  61  32 115  66  93  65 |  76  42  12  67 105  96  91  14  50  62  28 | 102 100  44  27  52  55 104  72  24   9  16 |  17   2  56 108  43 120   3  92  74  47  38 |  23  51  49  39 113  40  35  58  88  54  21 |  29 106  75  45 117 116  18 107  77  69  33 |
+---------------------------------------------+---------------------------------------------+---------------------------------------------+---------------------------------------------+---------------------------------------------+---------------------------------------------+---------------------------------------------+---------------------------------------------+---------------------------------------------+---------------------------------------------+---------------------------------------------+
|  43  17  94 120  38  92  56   7   2  74 108 |  81  32  34  70  61  90  93  66 121  84  65 | 116  79  31  98  99 106  20  63  82  68  26 | 119  21  80 101  87  48  37  30 111  23 110 |  44 102  52 114  24 100  72   9 115  55  16 |  47   3  28  62  42 105  67  76  91  96  12 |  69  75  29  18  33   1 117  77 107 103  45 |  50  14  41  85  22 109  19   8  53  95  46 |  13  89  60  57 118  86 112   6  15  59  83 |  78  97   4  36  64  71  25  10   5  73  11 | 104  88  51  39  35  40  54  58  49 113  27 |
| 119  37  21  48 111 101  30  23  80 110  87 |   7  56  92  94  43 120 108  74  38   2  17 | 104  58  51  39  35  27  49  40 113  54  88 |  71  36  10  78  64  97   4   5  25  73  11 |  91  96  67   3  76  62  42  12  47  28 105 |  86  83   6  89 112 118  60  59  15  57  13 |  44  55 102   9 100 114  52  24  72 115  16 |   1 103 117  77  18  45 107  75  69  29  33 |  93  90  65 121  84  70  34  61  32  66  81 |  63  98  82 106  99  79  68  31  20 116  26 |  50  85 109  46  22  19  95   8  53  41  14 |
|  61  65  70  90 121  34  32  81  84  66  93 |  83  15 112  86   6  89  13  59  57 118  60 |  73  71  10  97  64  36   5  78   4  25  11 |  43  94   2  92 108 120  17  56  38   7  74 |  69  29 117   1  77  33 107  18 103  75  45 | 115 114  55 100  72  16  52  24  44 102   9 |  53   8  95  22  46  50  41  85  19  14 109 | 104  27 113  88  35  51  40  58  49  54  39 |  12  62  67  96 105  47  42  28  91  76   3 | 101  48  37  21  87 119 111  80  30  23 110 | 116  26  31  98  99  63  68  79  20  82 106 |
|   6  60  86  89  57 112  15  83 118  59  13 |   3  91  42  47  28  62  12  76  96 105  67 |  23 119  80  48  87  21  30 101  37 111 110 |  61  70  84  34  93  90  65  32 121  81  66 |  53  95  41  50  85  46  19  22  14   8 109 | 103   1  75  33 107  45 117  77  69  29  18 |  49  58  54  35  39 104 113  88  40  27  51 | 116 106  82  26  99  31  63  79  20  68  98 |   9 100  52 102  16 115  72  55  44  24 114 |  92 120  17  94 108  43  38   2  56   7  74 |  73  11  10  97  64  78  25  71   5   4  36 |
|  58 113  27  39  54  40  49 104  51  88  35 | 116  20  63 106  79  98  99  26  68  31  82 | 114  55  16 100   9 115  44  72  52 102  24 |   8  14 109  19  22  46  41  53  95  50  85 |  56  38  17   7  74 120  92 108  94  43   2 |  21  23 119  48 101  80  37 110  30 111  87 |  32  61 121  93  90  81  65  66  34  70  84 |  83  86  60  59  13 118 112   6  15  57  89 |  64  97   4  25  10  36  78  71   5  11  73 | 107  33 117 103  18  75  29  45  69   1  77 |   3  76 105  62  12  42  96  28  91  67  47 |
|  28  67  47  62  96  42  91   3 105  76  12 | 114  44  72 115  55 100   9  24 102  16  52 |   7  43   2 120 108  94  56  92  17  38  74 |   6  86 118 112  13  89  60  15  57  83  59 |  49  54 113 104  88  39  40  35  27  58  51 |  14  50   8  46  19 109  41  85  53  95  22 |  20  79  68  99  98 116  82  26  63 106  31 |  73  36   4  11  64  10  78  71   5  25  97 |  18  33 117  29  45 103 107  75  69  77   1 |  34  90  65  70  93  61 121  84  32  81  66 |  23 110  80  48  87 101 111 119  30  37  21 |
|  71   4  36  97  25  78   5  73  10  11  64 |  23  30 101  21 119  48  87 110 111  80  37 |  50   8 109  46  22  14  53  19  41  95  85 |  79 106  31  63  99  98  82  20  68 116  26 |  15  57  60  83  59  89 112  13  86   6 118 |  70  81  61  90  34  84  65  66  32 121  93 |  91  28  96  12  62   3  67  76  42  47 105 | 114 115  52  24   9  16  72  55  44 102 100 | 108 120  17  38   2  94  92  43  56  74   7 |  40  39 113  27  35  58  54  51  49 104  88 |   1  77  45  33  18 107  29  75  69 117 103 |
|   8  41  14  46  95  19  53  50 109  85  22 | 104  49  40  27  58  39  35  88  54  51 113 |   3  28 105  62  12  47  91  42  67  96  76 |  75 103  45 107  18  33 117  69  29   1  77 |  30 111  37  23 110  48 101  87  21 119  80 |  36  73  71  97  78  10   4  11   5  25  64 |  56  43  38 108 120   7  17  74  92  94   2 |  81  70  65  66  93  84  34  61  32 121  90 |  99  98  82  68  31 106  63  79  20  26 116 |  72 100  52 115   9  55 102  16  44 114  24 |  83  59 118  89  13 112  57   6  15  60  86 |
|  55  52 115 100 102  72  44 114  16  24   9 |   1  69 107 103  75  33  18  77  29  45 117 |  81  61  84  90  93  70  32  34  65 121  66 |  28  47 105  42  12  62  67  91  96   3  76 |  20  68  82 116  26  98  63  99 106  79  31 |  27 104  58  39  40  51 113  88  49  54  35 |   5  71  25  64  97  73   4  11  78  36  10 |  23  21  37 110  87  80 101 119  30 111  48 |  22  46  41  95 109  14  19   8  53  85  50 | 112  89  60  86  13   6  57 118  15  83  59 |   7  74   2 120 108  92  38  43  56  17  94 |
|  75 117 103  33  29 107  69   1  45  77  18 |  50  53  19  14   8  46  22  85  95 109  41 |  83   6 118  89  13  86  15 112  60  57  59 |  55 115  16  72   9 100  52  44 102 114  24 |   5  25   4  73  11  97  78  64  36  71  10 | 106 116  79  98  63  31  82  26  20  68  99 |  30 119 111  87  48  23  37 110 101  21  80 |   7  94  17  74 108   2  92  43  56  38 120 |  35  39 113  54  51  27  40  58  49  88 104 |  42  62  67  47  12  28  96 105  91   3  76 |  81  66  84  90  93  34 121  61  32  65  70 |
|  79  82 106  98  68  63  20 116  31  26  99 |  73   5  78  36  71  97  64  11  25  10   4 |   1  75  45  33  18 103  69 107 117  29  77 |  58  27  51  40  35  39 113  49  54 104  88 |  32 121  65  81  66  90  34  93  70  61  84 |  94   7  43 120  92   2  17  74  56  38 108 |  15   6  57  13  89  83  60  59 112  86 118 |   3  47  67  76  12 105  42  28  91  96  62 |  87  48  37 111  80  21 101 119  30 110  23 |  19  46  41  14  22   8  95 109  53  50  85 | 114  24  16 100   9  72 102  55  44  52 115 |
+---------------------------------------------+---------------------------------------------+---------------------------------------------+---------------------------------------------+---------------------------------------------+---------------------------------------------+---------------------------------------------+---------------------------------------------+---------------------------------------------+---------------------------------------------+---------------------------------------------+
|  30 119 111  87  48 110 101  21  37  83  80 |  94  92  74  38  56 108   2   3 120  17  43 |  27  49 113  35  51  54  40  88  58  39  23 |   5  25   4  11  10  64  71  78  97  36  81 |  42  62  28  47  50  12  76 105  96  91  67 |  57  86  15  13  59  60   6   1 112  89 118 |  72  44 100  16   9 115  55 104  24 102  52 | 103  29  75 116  45 117  77  69 107  33  18 |  84  93  61  90  65 121  66  32  34 114  70 |  26  99  79  68  31  20  98  82  63 106   7 |  14  73  41  22 109  85  46  53  19   8  95 |
|  56  43  38 108 120  74  92  94  17   3   2 |  70  34  66 121  32  93  84 114  90  65  61 | 106  20  82  99  31  68  63  26  79  98   7 |  30 111  37 110  80  87 119 101  48  21  83 |  72 100  55 115 104   9  24  16 102  44  52 |  96  47  91  12  76  67  28  50  42  62 105 | 107  69  33  45  18 103  75 116  77  29 117 |  14  95   8  73 109  41  85  53  19  46  22 | 118  13   6  89  60  57  59  15 112   1  86 |  11  64  71  25  10   5  97   4  78  36  81 |  27  23 113  35  51  88  39  49  40  58  54 |
|  91  28  96  12  62  76  42  47  67  50 105 | 115  72  24 102  44   9  16 104 100  52  55 |  94  56  17 108   2  38  92  74  43 120   3 |  15  57  60  59 118  13   6 112  89  86   1 |  40  39  58  27  23  35  88  51  54  49 113 |  95  14  53  22  85  41   8  73  19  46 109 |  63  20  98  31  99 106  79   7  26  68  82 |  36  25  71  81  10   4  11   5  78  97  64 |  45  18  75  33 117  29  77  69 107 116 103 |  66  93  61 121  84  32  90  65  34  70 114 |  21  83  37  87  80 110  48  30 101 119 111 |
|  53   8  95  22  46  85  19  14  41  73 109 |  27  40  88  54  49  35  51  23  39 113  58 |  47  91  67  12 105  96  42  76  28  62  50 |  69  29 117  77  45  18  75 107  33 103 116 | 101  48 119  21  83  87 110  80 111  30  37 |  25  36   5  64  11   4  71  81  78  97  10 |  92  56 120   2 108  94  43   3  74  38  17 |  70 121  61 114  84  65  66  32  34  90  93 |  31  99  79  98  82  68  26  20  63   7 106 |  24   9  55 102  16  44 100  52  72 115 104 |  86   1  60  13 118  59  89  15 112   6  57 |
|  32  61 121  93  90  66  34  70  65 114  84 |  86 112  59  57  15  13 118   1  89  60   6 |  36   5   4  64  10  25  78  11  71  97  81 |  56  38  17  74   2 108  43  92 120  94   3 | 107  33  75 103 116  18  77  45  29  69 117 | 102 115  44   9  24  52  55 104  72 100  16 |  19  53  46 109  22  14   8  73  85  95  41 |  27  54  58  23  51 113  88  49  40  39  35 | 105  12  28  62  67  96  76  91  42  50  47 | 110  87 119 111  80  30  48  37 101  21  83 | 106   7  82  99  31  26  98  20  63  79  68 |
|   5  71  25  64  97  11  78  36   4  81  10 |  21 101 110 111  30  87  80  83  48  37 119 |  14  53  41  22 109  95  19  85   8  46  73 |  20  68  82  26  31  99  79  63  98 106   7 | 112  89   6  86   1  13  59 118  57  15  60 | 121  70  32  93  66  65  61 114  34  90  84 |  42  91  62 105  12  47  28  50  76  96  67 | 115 102  55 104  16  52  24  44  72 100   9 |   2 108  43 120  17  38  74  56  92   3  94 |  88  35  58  54  51  49  39 113  40  27  23 | 103 116 117  18  45  77  33  69 107  75  29 |
|  69  75  29  18  33  77 107 103 117 116  45 |  14  19  85  95  53  22 109  73  46  41   8 |  86  15  60  13 118  57 112  59   6  89   1 |  44 102  52  24  16   9  55  72 100 115 104 |  78  97  71  36  81  64  11  10  25   5   4 |  68 106  20  99  26  82  79   7  63  98  31 | 101  30  48  80  87  21 119  83 110 111  37 |  94  38  43   3   2  17  74  56  92 120 108 |  51  35  58  39 113  54  88  49  40  23  27 |  76  12  28  96 105  91  62  67  42  47  50 |  70 114  65  93  84  66  90  32  34  61 121 |
|  49  58  54  35  39  88  40  27 113  23  51 | 106  63  26  68  20  99  31   7  98  82  79 | 115  44  52   9  16 102  72  24  55 100 104 |  53  95  41  85 109  22   8  19  46  14  73 |  92 120  43  94   3 108  74   2  38  56  17 | 111  21  30  87 110  37 119  83 101  48  80 |  34  32  90  84  93  70  61 114  66 121  65 |  86  57   6   1 118  60  59  15 112  89  13 |  10  64  71  97   4  25  11   5  78  81  36 |  77  18  75  29  45  69  33 117 107 103 116 |  47  50  67  12 105  76  62  91  42  28  96 |
|  20  79  68  99  98  26  63 106  82   7  31 |  36  78  11  25   5  64  10  81  97   4  71 | 103  69 117  18  45  29 107  77  75  33 116 |  49  54 113  88  51  35  58  40  39  27  23 |  34  90  61  70 114  93  66  84 121  32  65 |  38  94  56 108  74  17  43   3  92 120   2 | 112  15  89 118  13  86   6   1  59  57  60 |  47  96  28  50 105  67  76  91  42  62  12 |  80  87 119  48  37 111 110  30 101  83  21 |  85  22   8  95 109  53  46  41  19  14  73 | 115 104  52   9  16  24 100  44  72  55 102 |
|  15   6  57  13  89  59 112  86  60   1 118 |  47  42  76  96  91  12 105  50  62  67  28 |  21  30  37  87  80 111 101 110 119  48  83 |  32 121  65  66  84  93  61  34  90  70 114 |  19  46   8  14  73  22  85 109  95  53  41 |  29 103  69  18  77 117  75 116 107  33  45 |  40  49  39  51  35  27  58  23  88  54 113 | 106  68  79   7  31  82  26  20  63  98  99 |  16   9  55 100  52 102  24  44  72 104 115 |  74 108  43  38   2  56 120  17  92  94   3 |  36  81   4  64  10  11  97   5  78  71  25 |
|  44  55 102   9 100  24  72 115  52 104  16 | 103 107  77  29  69  18  45 116  33 117  75 |  70  32  65  93  84 121  34  66  61  90 114 |  91  96  67  76 105  12  28  42  62  47  50 |  63  98  79 106   7  99  26  31  68  20  82 |  54  27  49  35  88 113  58  23  40  39  51 |  78   5  97  10  64  36  71  81  11  25   4 |  21 111 119  83  80  37 110  30 101  48  87 | 109  22   8  46  41  95  85  53  19  73  14 |  59  13   6  57 118  15  89  60 112  86   1 |  94   3  17 108   2  74 120  56  92  43  38 |
+---------------------------------------------+---------------------------------------------+---------------------------------------------+---------------------------------------------+---------------------------------------------+---------------------------------------------+---------------------------------------------+---------------------------------------------+---------------------------------------------+---------------------------------------------+---------------------------------------------+
|   7  26  31  79  82  38  94  99  63 120  20 |  64  70 121  10  81  71   5  90   4  78  11 |  18 116 107  75  69  45 106  68  77 117  98 |  23  51  40 111  49  58  88  21 113  35  48 | 115  65  66  93 100  61 102  32  84 114  34 |   2 108   3  43  96  92  74  62  47  17  56 | 103   1  60  15   6  13  59  33  29 118 112 |  12 105  76  46  91  42  95  50  14  67  28 |  30 119 110  37 101  80  57  83  86  89  87 |  25   8  85 109  53  73  41  19  36  22  97 |   9  39  72  55  44  54  52 104  27  24  16 |
|  81  11  10  71   4 121  70  64  78  90   5 |  87  86  57  80  83 119  30  89  37 101 110 |  22  73  19   8  53 109  36  25  85  41  97 |   7  31  63  38  20  79  26  94  82  99 120 | 103  60  59  13  33   6  29  15 118   1 112 |  84  93 114  61 102  34  66 100 115  65  32 |  14  50  67  91  28  12  76  46  95 105  42 |   9  16  24  39  44  72  54 104  27  52  55 |  56  43  74  17  92   2  96   3  47  62 108 | 111  58  88  51  49  23 113  40  21  35  48 |  18  98 107  75  69  68 117 116 106  77  45 |
|  73  85 109   8  41  25  36  22  19  97  53 |  35  21 111  51  23  58  49  48 113  40  88 |  12  50  42  28  91 105  14  95  76  67  46 | 116  45 107  68  69  75  77 106 117  18  98 |  86  37 110  87  89 119  57  30  80  83 101 |  10  64  81  71 121  78  11  90  70   4   5 |  47   3  17  56  43 108  74  62  96   2  92 |  93  84  66 100  32  34 102 114 115  65  61 |  20  79  26  82  63  31  38   7  94 120  99 |  54  55  24  16  44 104  52  72  27   9  39 |  13  33 112   6  15  29  60   1 103  59 118 |
| 104  24  16  55  52  54  27   9  72  39  44 |  18 106  68  45 116  75  69  98 117 107  77 |  93 114  34  61  32  84 115 102  66  65 100 |  50 105  42  95  91  28  76  14  67  12  46 |  94  82  26  99 120  79  38  20  31   7  63 |  51  35  23  58 111  40  88  48  21 113  49 |  70  81   4   5  71  64  11  90 121  10  78 |  87  80 110  89  30 101  57  83  86  37 119 |  53   8  85  41  19 109  25  73  36  97  22 |  29   6  59 118  15   1  60 112 103  13  33 | 108  62  92  43  56  96  17   3  47  74   2 |
|  50  76 105  28  67  95  14  12  42  46  91 |   9  27  54  16 104  55  44  39  52  72  24 | 108   3  92  43  56   2  47  96  74  17  62 |   1 118 112  29  15   6  59 103  60  13  33 |  21 113  88  35  48  58 111  49  51  23  40 | 109  22  73   8  25  19  85  97  36  41  53 |  94   7  82  20  79  99  26 120  38  31  63 |  64  10  11  90   5  78 121  81  70   4  71 |  69  75  77 117 107  45  68 116 106  98  18 | 102  61  66  84  32 114  65  34 115  93 100 |  87  89 101 119  30  57  37  83  86 110  80 |
| 114  66  84  61  65 102 115  93  34 100  32 |  13 103  29 118   1   6  15  33  60 112  59 |  64  81  78  71   5  10  70 121  11   4  90 |   3   2  92  96  56  43  74  47  17 108  62 | 106 117  77  18  98  75  68  69  45 116 107 |  16   9 104  55  54  72  24  39  27  52  44 |  36  73  41  53   8  22  85  97  25 109  19 |  35  51  88  48  49  40 111  23  21 113  58 |  91  28  76  67  42 105  95  50  14  46  12 |  57 119 110  80  30  83  37 101  86  87  89 |  99 120  63  79  20  38  82   7  94  26  31 |
|  83 110  80 119  37  57  86  87 101  89  30 | 108  47  96   2   3  43  56  62  17  92  74 |  35  23  40  58  49  51  21 111  88 113  48 |  81  10  78 121   5  71  11  70   4  64  90 |  14  67  76  12  46  28  95  91 105  50  42 | 118  13   1   6  29 112  59  33 103  60  15 |  27 104  52  44  55   9  24  39  54  16  72 |  18  45  77  98  69 107  68 116 106 117  75 |  32  61  66  65  34  84 102 114 115 100  93 |  38  79  26  31  20   7  82  63  94  99 120 |  22  97  19   8  53  25  41  73  36  85 109 |
|   1  59 118   6  60  29 103  13 112  33  15 |  12  14  95 105  50  28  91  46  67  42  76 |  87  83 101 119  30  80  86  57 110  37  89 | 114  84  34 102  32  61  66 115  65  93 100 |  36  41  85  22  97   8  25  53 109  73  19 |  45  18 116  75  68 107  77  98 106 117  69 |  21  23 113  49  58  35  88  48 111  51  40 |  99  31  26 120  20  63  38   7  94  82  79 |  44  55  24  52  72  16  54 104  27  39   9 |  96  43  74   2  56   3  17  92  47 108  62 |  64  90  78  71   5 121   4  81  70  11  10 |
|  23  88  51  58 113 111  21  35  40  48  49 |  99  94  38  31   7  79  20 120  82  63  26 |   9 104  72  55  44  16  27  54  24  52  39 |  73 109  19  25  53   8  85  36  41  22  97 |  47  17  74 108  62  43  96  56   2   3  92 |  80  87  83 119  57 101 110  89  86  37  30 | 115 114  65  32  61  93  66 100 102  84  34 |  13 118  59  33  15 112  29   1 103  60   6 |   5  71  11   4  78  10 121  81  70  90  64 |  68  75  77  45  69 116 117 107 106  18  98 |  12  46  42  28  91  95  67  50  14  76 105 |
|   3  74   2  43  17  96  47 108  92  62  56 |  93 115 102  84 114  61  32 100  65  34  66 |  99   7  63  79  20  31  94  38  26  82 120 |  83  80 101  57  30 119 110  86  37  87  89 |  27  52  24   9  39  55  54  44  16 104  72 | 105  12  50  28  95  42  76  46  14  67  91 | 106 116 117  69  75  18  77  98  68  45 107 |  22 109  85  97  53  19  25  73  36  41   8 |  15   6  59  60 112 118  29   1 103  33  13 | 121  71  11  10   5  81   4  78  70  64  90 |  35  48  40  58  49 111 113  23  21  88  51 |
| 116  77  45  75 117  68 106  18 107  98  69 |  22  36  25 109  73   8  53  97  41  19  85 |  13   1 112   6  15 118 103  29  59  60  33 | 104  16  72  54  44  55  24  27  52   9  39 |  70   4  11  64  90  71 121   5  10  81  78 |  31  99   7  79  38  63  26 120  94  82  20 |  86  83  37  30 119  87 110  89  57  80 101 | 108   2  74  62  56  92  96   3  47  17  43 |  49  58  88 113  40  51 111  23  21  48  35 |  95  28  76 105  91  50  67  42  14  12  46 |  93 100  34  61  32 102  65 114 115  66  84 |
+---------------------------------------------+---------------------------------------------+---------------------------------------------+---------------------------------------------+---------------------------------------------+---------------------------------------------+---------------------------------------------+---------------------------------------------+---------------------------------------------+---------------------------------------------+---------------------------------------------+
|  60 118  83  57  86  15   6 110  13 112  89 |  74  28  91   3  67  96  62  42  47  12 105 |  88  37  87 111  48  23 119  30  80  21 101 |  65  81  93  32  90 121  84  61  70  11  34 |   8  14 109  76  19  95  53  46  50  41  22 |   1  59 117  29  69  18  45 107  75 103  33 |  58 113  27  39  54  24  51  40  49 104  35 |  77 116  31  63  98  99  20  82  79 106  68 | 100 102  16 115   9 114  44  52  55  72  66 |  56  38   2   7 120  17  94 108  43  26  92 |  85  78  64  25  97   5  36   4  71  10  73 |
|  67 105   3  96  47  91  28  74  12  42  62 |  66  55  44 114  52 102 100  72 115   9  16 |  26  17 108  38 120   7  43  56   2  94  92 |  60  83  13  15  89  57 118   6  86 110 112 |  58  27  51  24  40  54  49  39 104 113  35 |  50  76  41  95  53  22 109  19   8  14  46 |  79  82 106  98  68  77  31  63  20 116  99 |  85  73  10  78  97  64   5   4  71  36  25 |  33  29  45 103  18   1  69 117  75 107  59 |  32 121  84  81  90  65  70  93  61  11  34 |  88 101  87 111  48  30  21  37 119  80  23 |
|  37  80  23 111  21  30 119  88  87 101  48 |  26  43  56   7  17  38 120  92  94 108   2 |  24 113  35  54  39 104  58  49  51  27  40 |   4  73  64   5  97  25  10  71  36  85  78 |  28  47 105  74  42  96  91  62   3  67  12 |  83 110  60  57  15  13 118 112   6  86  89 |  55  52 115 100 102  66  16  72  44 114   9 |  59   1  45 107  33  18  69 117  75 103  29 |  90 121  84  70  93  81  32  65  61  34  11 |  20  68  31 116  98  82 106  99  79  77  63 |  76  19  22  95  46  53  14  41   8 109  50 |
|  52  16 114 102 115  44  55  66   9  72 100 |  59  75  69   1 117  29  33 107 103  18  45 |  11  65  93 121  90  81  61  32  84  70  34 |  67   3  12  91  62  96 105  28  47  74  42 |  79 106  31  77  63  68  20  98 116  82  99 | 104  24 113  54  49  35  51  40  58  27  39 |  71   4  36  97  25  85  10  78   5  73  64 |  88  23  80 101  48  87  30  37 119  21 111 |  46  95 109  14  22  50  53  41   8  19  76 |  15  57 118  83  89  60  86  13   6 110 112 |  26  92 108  38 120  56  94  17  43   2   7 |
|  65  84  81 121  70  32  61  11  93  34  90 | 110   6  15  83  60  57  89 112  86  13 118 |  85   4  64  25  97  73  71   5  10  36  78 |  17   7 108  56 120  38   2  43  94  26  92 |  75 103  45  59 107  29  69  33   1 117  18 | 114  66  52 102  44   9  16  72  55 115 100 |   8  41  14  46  95  76 109  19  53  50  22 |  24 104  51  40  39  35  49 113  58  27  54 |  62  96 105  47  12   3  91  67  28  42  74 |  30 111  80  23  48  37  21  87 119  88 101 |  77  63  99  68  98  20 106  82  79  31 116 |
| 117  45   1  29 103  69  75  59  18 107  33 |  76   8  53  50  41  95  46  19  14  22 109 | 110  60  13  57  89  83   6  15 118  86 112 |  52 114   9  44 100 102  16  55 115  66  72 |  71  36  10  85  78  25   5  97  73   4  64 | 116  77  82  68  20  99  31  63  79 106  98 | 119  37  21  48 111  88  80 101  30  23  87 |  26   7   2  92 120 108  56  17  43  94  38 |  39  54  51  27  35 104  49 113  58  40  24 |  91  96 105   3  62  67  47  12  28  74  42 |  11  34  93 121  90  32  70  65  61  84  81 |
|   4  10  73  25  36   5  71  85  64  78  97 |  88 119  30  23  37 111  48 101  21  87  80 |  76  41  22  95  46  50   8  53 109  14  19 |  82 116  99  20  98  68  31  79 106  77  63 |   6  86 118 110 112  57  15  89  83  60  13 |  81  11  65 121  32  93  84  34  61  70  90 |  28  67  47  62  96  74 105  42  91   3  12 |  66 114  16  72 100   9  44  52  55 115 102 | 120  38   2  94 108   7  56  17  43  92  26 |  49  54  51 104  39 113  27  35  58  24  40 |  59 107  18  29  33  69 103 117  75  45   1 |
|  82  31 116  68 106  20  79  77  99  63  98 |  85  71   5  73   4  25  97  78  36  64  10 |  59 117  18  29  33   1  75  69  45 103 107 | 113 104  35  49  39  54  51  58  27  24  40 |  61  70  84  11  34 121  32  90  81  65  93 |   7  26  17  38  56 108   2  92  43  94 120 |   6  60  86  89  57 110 118 112  15  83  13 |  74   3 105  42  62  12  91  67  28  47  96 |  48 111  80  21  87  23  30  37 119 101  88 |  53  95 109  50  46  41  14  22   8  76  19 |  66  72   9 102 100  44 115  52  55  16 114 |
|  41 109  50  95  14  53   8  76  22  19  46 |  24  58  49 104 113  54  39  40  27  35  51 |  74  67  12  96  62   3  28  91 105  47  42 | 117   1  18  69  33  29  45  75 103  59 107 | 119  21  80  88 101 111  30  48  23  37  87 |  73  85   4  25   5  64  10  78  71  36  97 |  43  17  94 120  38  26   2  92  56   7 108 |  11  81  84  34  90  93  32  65  61  70 121 |  98  68  31 106  99 116  20  82  79  63  77 |  44 102  16 114 100  52 115   9  55  66  72 | 110 112  13  57  89  15  86  60   6 118  83 |
| 113  51 104  54  27  49  58  24  35  40  39 |  77  79  20 116  82  68  98  63 106  99  31 |  66  52   9 102 100 114  55  44  16 115  72 |  41  50  22  53  46  95 109   8  14  76  19 |  43  94   2  26  92  38  56 120   7  17 108 |  23  88  37 111  30  87  80 101 119  21  48 |  61  65  70  90 121  11  84  34  32  81  93 | 110  83 118 112  89  13  15  60   6  86  57 |  97  25  10  36  64  73   5   4  71  78  85 |  69  29  45   1  33 117 103  18  75  59 107 |  74  42  12  96  62  91  47  67  28 105   3 |
|  17   2   7  38  94  56  43  26 108  92 120 |  11  61  32  81  65 121  90  34  70  93  84 |  77  82  99  68  98 116  79  20  31 106  63 |  37  23  87  30  48 111  80 119  21  88 101 |  55 115  16  66  72 102  44 100 114  52   9 |   3  74  67  96  91  12 105  42  28  47  62 |  75 117 103  33  29  59  45 107  69   1  18 |  76  50 109  19  46  22  53  41   8  14  95 |  89  57 118  86  13  83  15  60   6 112 110 |   5  25  10  73  97   4  36  64  71  85  78 |  24  40  35  54  39  49  27 113  58  51 104 |
+---------------------------------------------+---------------------------------------------+---------------------------------------------+---------------------------------------------+---------------------------------------------+---------------------------------------------+---------------------------------------------+---------------------------------------------+---------------------------------------------+---------------------------------------------+---------------------------------------------+
|  22  46  42  50  76  41 109  91  95   8  14 |  44  51 113  72  35 104  27  58  24  54  39 |  56  12  96   3  47  92 105  67  62  74  28 |  18 112  29 117 103   1  33  45  59  15  75 |  80  88  48  49 119  23  37  21  40  87 111 |  19  53  64  73   4  25  97  71  10  85  36 |   2 108  26  94   7  20 120  43  17  63  38 |   5  78  90  61  70 121  65  93  84  11  81 | 106 116  98  77  68 107  82  99  31  79  69 |  52 114 100  34 115   9  66 102  16  32  55 |  30   6  57  83  86  60 110  13 118  89 101 |
|  18  33 112   1  59 117  45  15  29  75 103 |  91 109  41  42  22  50  14   8  76  95  46 |  30  13  57  83  86 101 118  60  89 110   6 |   9  34 102  52 115 114 100  16  66  32  55 |  10  85  97  53  71  73   4  36  19  64  25 | 107  69  99 116  82  68  98  79  31  77 106 |  80  87  88  21  23  49  48 119  37  40 111 |  20  63 120  43  94  38  17 108   2  26   7 |  27 104  39  24  54  72 113  35  51  58  44 |  67   3  62  92  47  12  74  96 105  56  28 |   5  61 121  81  70  65  11  93  84  90  78 |
|  93  90  78  81  11  65  84   5 121  61  70 |  30 118  60 101  13  83  86   6 110  57  89 |  53  64  25  73  36  19  10   4  97  85  71 | 108  63  38  17  94   7 120   2  26  20  43 |  45  59  33  15  75   1 117 103 112  18  29 |  34  32   9 114  52 102 100  55  16  66 115 | 109  22  76  14  50  91  46   8  41  42  95 |  44  72  39  58  27  54 113  35  51  24 104 |  47   3  62  74  96  92  67  12 105  28  56 |  37  23  48  40  21  87  88 111  80  49 119 |  69  79  68 116 106  82  77  99  31  98 107 |
|   9 100  34 114  66  52  16  32 102  55 115 |  15  45 117 112  18   1 103  75  59  29  33 |   5  93 121  81  70  78  84  65  90  11  61 |  12  92  96  67  47   3  62 105  74  56  28 |  31  77  98  69  79 116  82 106 107  99  68 |  72  44  35 104 113  54  39  58  51  24  27 |  10  64  85  36  73  53  97  71   4  19  25 |  49  40  48 119  21 111  37  87  80  88  23 |  14  50  46  76  95  42  41  22 109   8  91 |  60  83  89 101  86  13 110  57 118  30   6 |  20  43  38   7  94  17  26 108   2 120  63 |
|  35  39  72 104  24 113  51  44  54  58  27 |  69  31  82 107  99 116 106  79  77  68  98 |  32   9 102 114 115  34  16  52 100  66  55 |  22  42  95  41  14  50  46 109  76  91   8 |   2  26 120  20  43   7  17  94  63 108  38 |  40  49  87  23  37 111  48 119  80  88  21 |  84  93  11  70  81   5  90  61  65  78 121 |  30 101  89   6  86  57  60  13 118 110  83 |  36  73  97  85  25  19   4  64  10  71  53 | 117   1  33 112 103  18  59  29  45  15  75 |  56  28  96   3  47  67  74  12 105  62  92 |
|  12  62  92   3  74  67 105  56  96  28  47 |  32  16  52  34   9 114 115  55  66 102 100 |  20 108  38   7  94  63   2  17 120  26  43 |  13 101  57  60  86  83  89 118 110  30   6 |  51  24  39  44  58 104 113  27  72  35  54 |  42  91  22  50  41  95  46   8 109  76  14 |  31  99  77 106 116  69  98  79  82 107  68 |  53  19  97  71  36  25   4  64  10  85  73 | 103   1  33  59  29 112 117  18  45  75  15 |  65  81  90  78  70  93  11 121  84   5  61 |  49 119 111  23  21  37  88  87  80  48  40 |
|  64  97  19  73  85   4  10  53  25  71  36 |  49  80  37  40  87  23  21 119  88 111  48 |  91  22  95  50  14  42 109  41  46  76   8 |  99 107  68  82 106 116  98  31  77  69  79 | 118 110  89  30   6  83  60  86 101  13  57 |  78   5  93  81  65 121  90  61  84  11  70 | 105  12  74  47   3  56  62  28  67  92  96 |  32  34 100  55 115 102  52   9  16  66 114 |  94   7 120  26  38  63  17 108   2  43  20 | 113 104  39  72  27  35  24  54  51  44  58 |  15  75  29   1 103 117  59  18  45  33 112 |
|  13  89 101  83 110  60 118  30  57   6  86 |  56 105  67  92  12   3  47  28  74  96  62 |  49  87 111  23  21  40  80  37  48  88 119 |  93  78 121  65  70  81  90  84  11   5  61 | 109  76  46  91   8  50  41  14  42  22  95 | 112  15  18   1 117  29  33  75  45  59 103 |  51  35  24  27 104  44  39  58 113  72  54 |  69 107  98  79 106  68  82  99  31  77 116 | 115 114 100  66 102  34  52   9  16  55  32 |  17   7 120  63  94 108  26  38   2  20  43 |  53  71  25  73  36   4  85  64  10  97  19 |
|  87  48  40  23  88  37  80  49 111 119  21 |  20   2  17  63 108   7  94  43  26  38 120 |  44  35  54 104  27  72  51 113  39  24  58 |  64  19  25   4  36  73  97  10  85  53  71 | 105  74  62  56  28   3  67  47  92  12  96 | 101  30  13  83  60  57  89   6 118 110  86 |  16   9  66 115 114  32 100  55  52  34 102 |  15 112  33  75 103  29 117  18  45  59   1 |  70  81  90  11 121  78  65  93  84  61   5 |  82 116  98 107 106  99  77  68  31  69  79 |  91   8  95  50  14  41  76  22 109  46  42 |
|  99  98 107 116  77  82  31  69  68  79 106 |  53  10   4  19  64  73  36  71  85  25  97 |  15  18  29   1 103 112  45 117  33  59  75 |  35  72  54 113  27 104  39  51  24  44  58 |  84  11  90   5  61  81  65  70  78  93 121 |  63  20 108   7  17  38 120  43   2  26  94 | 118  13 110  86  83  30  89   6  60 101  57 |  56  92  62  28  47  96  67  12 105  74   3 |  21  23  48  88 111  40  37  87  80 119  49 |  41  50  46  42  14  22  76  95 109  91   8 |  32  55 102 114 115  52  66   9  16 100  34 |
| 108 120  63   7  26  17   2  20  38  43  94 |   5  84  65  78  93  81  70  61  11 121  90 |  69  99  68 116 106 107  31  82  98  77  79 |  87  40 111  37  21  23  48  80  88  49 119 |  16  66 100  32  55 114  52 115  34   9 102 |  92  56  12   3  67  96  62  28 105  74  47 |  45  18  59 103   1  15  33  75 117 112  29 |  91  42  46   8  14  95  41  22 109  76  50 |  86  83  89 110  57 101  60  13 118   6  30 |   4  73  97  19  36  64  85  25  10  53  71 |  44  58  54 104  27 113  24  35  51  39  72 |
+---------------------------------------------+---------------------------------------------+---------------------------------------------+---------------------------------------------+---------------------------------------------+---------------------------------------------+---------------------------------------------+---------------------------------------------+---------------------------------------------+---------------------------------------------+---------------------------------------------+
|  10  64  85  36  73  71   4  19  97   5  25 |  40  37 119  88  80  21 111  30  23  48  87 |  42 109  46  14  95  76  41   8  22  50  53 |  31  77  98  79  68 106  99  82 116 107  20 |  60  83  13 101  15  86   6  57 110 118  89 |  11  78  84  70  61  90  93  32  65  81 121 |  67 105   3  96  47  92  12  91  28  74  62 |  34  66   9  44 102 100  55  16  52 114 115 |  38  94 108   7 120  26  43   2  17  56  63 |  58  27  35  24  54  51 104  39 113  72  49 | 112  69  33 103  29  75   1  45 117  18  59 |
|  84  93  11  70  81  61  65  78  90  32 121 | 101  60   6 110 118  86  57  15  83  89  13 |  19  10  97  36  25  85   4  71  64  73   5 |   2  26 120  43  38  94 108  17   7  63  56 | 117   1  18 112  69 103  75  29  59  45  33 |  66  34  16 115  55 100   9  44  52 114 102 |  41 109  50  95  14  42  22  53   8  76  46 |  72  24  35  49  54  39  58  51 113 104  27 |  96  47  12   3  62  74  28 105  67  91  92 | 119  21  87  88 111  80  23  48  37  40  30 | 107  20  98 106  68  79 116  31  82  99  77 |
| 105  12  74  47   3  28  67  92  62  91  96 |  34  52  55  66  16 115 102  44 114 100   9 |  63   2 120  94  38  26  17  43 108   7  56 | 118 110  89   6  57  86  13  60  83 101  15 | 113 104  35  72  49  27  58  54  24  51  39 |  76  42 109  14   8  46  22  53  41  50  95 |  82  31 116  68 106 107  99  20  79  77  98 |  19  85  64   5  25  97  71  10   4  73  36 |  29 103  18   1  33  59  75  45 117  69 112 |  61  70  93  11 121  84  81  90  65  78  32 |  40  30  48  21 111 119  23  80  37  87  88 |
|  16   9  66 115 114  55  52  34 100  44 102 | 112 117  75  59  45 103  29  69   1  33  18 |  78  84  90  70 121  11  65  61  93  81  32 | 105  74  62  28  96  47  12  67   3  92  91 |  82 116  99 107  20 106  79  68  77  31  98 |  24  72  51  27  58  39  35  49 113 104  54 |   4  10  73  25  36  19  64   5  71  85  97 |  40  88  87  30 111  48 119  80  37  23  21 |  95  14  22  50  46  76   8 109  41  53  42 |   6  86  13 110  57 118  83  89  60 101  15 |  63  56 120  94  38  43   7   2  17 108  26 |
| 109  22  76  14  50   8  41  42  46  53  95 |  72 113  58  24  51  27  54  49 104  39  35 |  92 105  62  47  96  74  67  28  12   3  91 |  45  59  33  75  29 103  18 117   1 112  69 |  37  23  87  40  30  21 119 111  88  80  48 |  85  19  10  36  71  97  64   5   4  73  25 |  17   2   7  38  94  63 108  56  43  26 120 |  78  11  93  32 121  90  61  84  65  81  70 |  68 106  99 116  98  77  79  31  82  20 107 |  55 115   9  66 102  16 114 100  52  34  44 | 101  15  89  86  57   6  83 118  60  13 110 |
|  45  18  59 103   1  75 117 112  33  69  29 |  42  41   8  76 109  14  95  53  50  46  22 | 101 118  89  86  57 110  60   6  13  83  15 |  16  66 100  55 102 115   9  52 114  34  44 |   4  73  64  19   5  36  71  25  85  10  97 |  77 107  31 106  79  98  99  20  82 116  68 |  37  80  23 111  21  40  87  30 119  88  48 |  63  26 108  56  38 120  43   2  17   7  94 |  54  27  35 104  39  24  58  51 113  49  72 |  28  47  12  74  96 105   3  62  67  92  91 |  78  32  90  70 121  61  81  84  65  93  11 |
|  80  87  88  21  23 119  37  40  48  30 111 |  63  17  43  26   2  94  38  56   7 120 108 |  72  51  39  27  54  24 113  58  35 104  49 |  10  85  97  71  25  36  64   4  73  19   5 |  67   3  12  92  91  47  28  96  74 105  62 | 110 101 118  86   6  89  13  15  60  83  57 |  52  16 114 102 115  34   9  44  55  66 100 | 112  59  18  69  29  33  75  45 117   1 103 | 121  70  93  81  90  11  61  84  65  32  78 |  79 106  99  77  68  31 116  98  82 107  20 |  42  53  46  14  95   8  50 109  41  22  76 |
|  51  35  24  27 104  58 113  72  39  49  54 | 107  82  79  77  31 106  68  20 116  98  99 |  34  16 100 115 102  66  52  55   9 114  44 | 109  76  46   8  95  14  22  41  50  42  53 |  17   7 108  63  56  94  43  38  26   2 120 |  88  40  80  21 119  48  87  30  37  23 111 |  65  84  81 121  70  78  93  32  61  11  90 | 101 110  13  15  57  89   6 118  60  83  86 |  25  36  64  73  97  85  71  10   4   5  19 |  75 103  18  59  29  45   1  33 117 112  69 |  92  91  62  47  96  28   3 105  67  12  74 |
|  31  99  77 106 116  79  82 107  98  20  68 |  19   4  71  85  10  36  25   5  73  97  64 | 112  45  33 103  29  59 117  75  18   1  69 |  51  24  39  58  54  27  35 113 104  72  49 |  65  81  93  78  32  70  61 121  11  84  90 |  26  63   2  94  43 120 108  56  17   7  38 |  60 118  83  57  86 101  13  15   6 110  89 |  92  74  12  91  96  62  28 105  67   3  47 | 111  21  87  23  48  88 119  80  37  30  40 |   8  14  22  76  95 109  50  46  41  42  53 |  34  44 100 115 102  55 114  16  52   9  66 |
| 118  13 110  86  83   6  60 101  89  15  57 |  92  67  28  74 105  47  96  91   3  62  12 |  40  80  48  21 111  88  37 119  87  23  30 |  84  11  90  61 121  70  93  65  81  78  32 |  41  50  22  42  53  14   8  95  76 109  46 |  59 112  45 103  75  33  18  69 117   1  29 | 113  51 104  54  27  72  35  49  58  24  39 | 107  77  99  20  68  98  79  31  82 116 106 | 102 115   9 114 100  66  55  16  52  44  34 |  43  94 108  26  38   2   7 120  17  63  56 |  19   5  97  36  25  71  73  10   4  64  85 |
|   2 108  26  94   7  43  17  63 120  56  38 |  78  65  61  11  84  70 121  32  81  90  93 | 107  31  98 106  68  77  82  79  99 116  20 |  80  88  48 119 111  21  87  37  23  40  30 |  52 114   9  34  44 115  55 102  66  16 100 |  74  92 105  47  28  62  12  91  67   3  96 | 117  45   1  29 103 112  18  69  75  59  33 |  42  76  22  53  95  46   8 109  41  50  14 |  57  86  13  83  89 110   6 118  60  15 101 |  71  36  64  85  25  10  73  97   4  19   5 |  72  49  39  27  54  58 104  51 113  35  24 |
+---------------------------------------------+---------------------------------------------+---------------------------------------------+---------------------------------------------+---------------------------------------------+---------------------------------------------+---------------------------------------------+---------------------------------------------+---------------------------------------------+---------------------------------------------+---------------------------------------------+
|  98  68  69  77 107  31  99  75 106  82 116 |   8  64  10  53  97  85  73   4  19  36  25 |   6  33 103  59   1  15  18  45  29 112 117 |  39  44  27  51 104  24  54  35  72  55 113 |  93  78 121  71  65  11  84  81   5  90  70 |  20  79 120  26   2  94  38  17 108  63   7 |  13  89 101  83 110 119  57  60 118  30  86 |  43  56  96  67   3  47 105  62  12  92  74 |  23  88 111  40  21  49  80  48  87  37  58 | 109  76  95  91  50  46  42  14  22  28  41 |  61  52 115  66 114  16  34 100   9 102  32 |
|  97  25  53  85  19  10  64   8  36   4  73 |  58  87  80  49  48  88  23  37  40  21 111 |  28  46  14  76  50  91  22 109  95  42  41 |  98  69 106  31 116  77  68  99 107  75  82 |  13 101  57 119  60 110 118  83  30  89  86 |   5  71  90  11  84  70 121  65  93  78  81 |  12  62  92   3  74  43  96  67 105  56  47 |  61  32 102  52 114 115  16 100   9  34  66 |   7  26  38  63  94  20   2 120 108  17  79 |  51  24  54  44 104  39  72  27  35  55 113 |   6 117 103  59   1  45 112  33  18  29  15 |
|  33  29  15  59 112  45  18   6 103 117   1 |  28  22 109  91  46  76  50  41  42  14  95 | 119  89  86 110  83  30  13 118  57 101  60 | 100  32 115  16 114  66 102   9  34  61  52 |  64  19  25   8   4  85  10  73  53  97  36 |  69  75  98  77  31 106  68  82  99 107 116 |  87  48  40  23  88  58 111  37  80  49  21 |  79  20  38  17   7  94   2 120 108  63  26 | 104  24  54  72  27  44  51  39  35 113  55 | 105  74  96  56   3  62  92  47  12  43  67 |  71  65  70  11  81  84  78  90  93 121   5 |
|  48 111  49  88  40  80  87  58  21  37  23 |  79 108   2  20 120  26   7  17  63  94  38 |  55  39  27  24 104  44  35  51  54  72 113 |  97  53  36  10  73  85  25  64  19   8   4 |  12  92  96  43  67  74 105   3  56  62  47 |  30 119  89 110 118  86  57  60  13 101  83 |   9 100  34 114  66  61 102  52  16  32 115 |   6  15  29 117   1 103  45  33  18 112  59 |  81  11 121  78  70   5  84  90  93  65  71 |  31  77  68  69 116  98 107 106  99  75  82 |  28  41  14  76  50 109  42  46  22  95  91 |
| 120  38  20  26  63   2 108  79  94  17   7 |  71  93  84   5  90  11  81  65  78  70 121 |  75  98 106  77 116  69  99  31  68 107  82 |  48  49  21  80  23  88 111  87  40  58  37 |   9  34 102  61  52  66  16 114  32 100 115 |  56  43  62  74 105  47  96  67  12  92   3 |  18  33 112   1  59   6  29 117  45  15 103 |  28  91  95  41  50  14 109  46  22  42  76 |  83 110  57 101  86  30 118  89  13  60 119 |  10  85  25  53  73  97  19  36  64   8   4 |  55 113  27  24 104  51  72  39  35  54  44 |
|  62  96  56  74  92 105  12  43  47  67   3 |  61   9  16  32 100  66 114  52  34 115 102 |  79 120  94  26   7  20 108   2  38  63  17 |  89  30  86 118  83 110  57  13 101 119  60 |  35  72  54  55 113  24  51 104  44  39  27 |  91  28  46  76 109  14  95  41  22  42  50 |  99  98 107 116  77  75  68  82  31  69 106 |   8  53  25   4  73  36  10  97  64  19  85 |   1  59  29 112 103  15  45  33  18 117   6 |  84  11 121   5  81  90  78  70  93  71  65 |  58  37  21  88  23  80  40  48  87 111  49 |
|  46  95  91  76  42 109  22  28  14  41  50 |  55  35  51  44  39  24 104 113  72  27  54 |  43  62  47  74   3  56  12 105  96  92  67 |  33  15 103  45   1  59  29  18 112   6 117 |  87  40 111  58  37  88  80  23  49  48  21 |  53   8  97  85  10  36  25   4  64  19  73 | 108 120  63   7  26  79  38  17   2  20  94 |  71   5 121  65  81  70  84  90  93  78  11 | 116  77  68 107 106  69  31  98  99  82  75 |  16  66 102  32 114 100  34 115   9  61  52 | 119  60  86 110  83 118 101  89  13  57  30 |
|  90 121   5  11  78  84  93  71  70  65  81 | 119  13 118  30  89 110  83  60 101  86  57 |   8  97  36  85  73  53  64  10  25  19   4 | 120  20  94   2   7  26  38 108  63  79  17 |  18 112  29   6 117  59  45   1  15  33 103 |  32  61 100  66  16 115 102  52   9  34 114 |  22  46  42  50  76  28  95  41 109  91  14 |  55  44  54 113 104  27  51  39  35  72  24 |   3  74  96  92  47  56 105  62  12  67  43 |  80  88 111  49  23  48  40  21  87  58  37 |  75  82 106  77 116  31 107  98  99  68  69 |
| 100 102  32  66  34  16   9  61 115  52 114 |   6  18  45  15  33  59   1 117 112 103  29 |  71  90  70  11  81   5  93  84 121  78  65 |  62  56  47 105   3  74  96  12  92  43  67 |  99 107  68  75  82  77  31 116  69  98 106 |  44  55  39  24  51  27  54 113  35  72 104 |  64  97  19  73  85   8  25   4  10  53  36 |  58  49 111  37  23  21  80  48  87  40  88 |  50  76  95  42  14  91 109  46  22  41  28 | 118 110  57  30  83  89 101  86  13 119  60 |  79  17  94  26   7   2  63 120 108  38  20 |
|  89  57  30 110 101 118  13 119  86  60  83 |  43  12 105  56  62  74   3  67  92  47  96 |  58  48  21  88  23  49  87  80 111  40  37 |  90   5  70  84  81  11 121  93  78  71  65 |  22  42  95  28  41  76 109  50  91  46  14 |  15   6  33  59  45 103  29 117  18 112   1 |  35  39  72 104  24  55  54 113  51  44  27 |  75  69  68  82 116 106  31  98  99 107  77 | 114  66 102  34 115  32  16 100   9  52  61 |   2  26  38  20   7 120  63  94 108  79  17 |   8   4  36  85  73  10  19  97  64  25  53 |
|  39  54  44  24  72  51  35  55  27 113 104 |  75  99  31  69  98  77 116  82 107 106  68 |  61 100 115  66 114  32   9  16 102  34  52 |  46  91  14 109  50  76  95  22  42  28  41 | 108  63  38  79  17  26   2   7  20 120  94 |  49  58  48  88  80  21 111  37  87  40  23 |  93  90  78  81  11  71 121  65  84   5  70 | 119  30  57  60  83  86 118  89  13 101 110 |  73  85  25  19  36  53  10  97  64   4   8 |  45  59  29  15   1  33 112 103  18   6 117 |  43  67  47  74   3 105  92  62  12  96  56 |
+---------------------------------------------+---------------------------------------------+---------------------------------------------+---------------------------------------------+---------------------------------------------+---------------------------------------------+---------------------------------------------+---------------------------------------------+---------------------------------------------+---------------------------------------------+---------------------------------------------+
