+-------------+-------------+-------------+-------------+
|  9 13 10  4 | 15  3  2  1 |  7  6 12  8 | 14 16 11  5 |
|  2  1 15  3 | 11  5 16 14 | 10 13  4  9 |  6  8  7 12 |
|  8  6  7 12 | 10  4  9 13 | 11 14  5 16 |  1  2 15  3 |
| 16 14 11  5 |  7 12  8  6 | 15  1  3  2 | 13  9 10  4 |
+-------------+-------------+-------------+-------------+
|  6  9 12 10 |  4 15 13  2 |  5  8  7 14 | 16  1  3 11 |
|  1 16  3 11 |  5  7 14  8 |  4  2 15 13 |  9  6 12 10 |
| 13  2  4 15 |  3 11  1 16 | 12  9 10  6 |  8 14  5  7 |
| 14  8  5  7 | 12 10  6  9 |  3 16 11  1 |  2 13  4 15 |
+-------------+-------------+-------------+-------------+
|  7 12 14  8 |  6  9 10  4 |  1  5 16 11 |  3 15 13  2 |
| 10  4  6  9 | 13  2 15  3 | 14 12  8  7 |  5 11  1 16 |
| 15  3 13  2 |  1 16 11  5 |  6  4  9 10 | 12  7 14  8 |
| 11  5  1 16 | 14  8  7 12 | 13  3  2 15 |  4 10  6  9 |
+-------------+-------------+-------------+-------------+
|  5  7 16 14 |  8  6 12 10 |  2 11  1  3 | 15  4  9 13 |
|  3 11  2  1 | 16 14  5  7 |  9 15 13  4 | 10 12  8  6 |
| 12 10  8  6 |  9 13  4 15 | 16  7 14  5 | 11  3  2  1 |
|  4 15  9 13 |  2  1  3 11 |  8 10  6 12 |  7  5 16 14 |
+-------------+-------------+-------------+-------------+
