+-----------------------------------------+-----------------------------------------+-----------------------------------------+-----------------------------------------+-----------------------------------------+-----------------------------------------+-----------------------------------------+-----------------------------------------+-----------------------------------------+-----------------------------------------+
|  98  61   5  72  62  92  90  49  12  66 |   3  50  59  43  44  45  91  95  79  34 |  82  80  48  46  31  67  28  68  94   1 |  26  76  73  23  14  30  39  21  38   4 |  85  69   2  57   9  24  32  40  29  78 |  83  81  60  74  37   8  10   7  86  87 |  15  88  11  56  22 100  52  25  51  89 |  84  47  27  33  16  17  99  65  41  77 |  71  36  42  97  19  54  64  70  13  96 |  75  63  93  53  55   6  20  35  18  58 |
|  99  25   3  11  88  47  43  74  60  34 |  66   5  26  30  67  46  63   1  93  28 |   6  75  98   4  64   8  44  23  92  13 |  83  32  78  69   2  86  35  37  97   9 |  42  89  77  94  17  16  22  20  72  53 |  84 100  15  12  27  52  51  90  19  58 |  41  33  81  24  36  18  10  65  62  40 |  91  21  39  38  54  95  70  71  96   7 |  31  61  14  49  82  29  80  85  48  55 |  76  59  79  87  56  45  57  73  68  50 |
|  96  42   1  95   9  77  22  14  71  82 |  78  88  51  39   4 100  32  92  89  27 |  52  87  81  37  66  34  69  11  55  36 |  84  13  12  53  70  79  93  85  43  28 |  44  59   3  91  63  46  25  98  33  47 |  67  62  21  18  80  64  56  54  50  41 |  61   6  90   7  68  94  17  49  57  75 |   5  29  60  19  35  24  26  20  15  45 |  72  58  99  83   8  76  40  74   2  73 |  97  65  30  38  48  10  23  16  31  86 |
|   7  26  27  29  67  41  70  54  28  44 |  90  84  75  65  16  52   9  62  20   6 |  10  12  83  74  40 100  53  61  73  22 |  58  42  19  72  82  77  45   8  80  60 |  38  49  93  35  13  43   1  99  66  36 |  95  96  48  88  71  14   5  39  76  34 |  50  55  92  47  98  31  91  46  64  63 |  97  51  30  85  78   3  89  59  79  56 |  86  33  18  21  11  87  68  25  23  57 |  15  94  81  24  37   2  17   4  32  69 |
|  56  76  87  68  79  50  57  45  59  73 |  61  85  82  55  48  49  14  80  31  29 |  38  71  91  54  96  21  70  95   7  39 |  81  62  41  36  65  33  24  10  18  40 |  12  90  84  51  27  58  52  19  15 100 |  77  53  72  42  17  22  94  89  20  16 |  78  86  83  35  69  97  37   2  32   9 |  98   8  13   6   4  23  44  75  64  92 |  93  66  63  46  26  28   1   5  67  30 |  25  60  88   3  99  74  43  34  11  47 |
|  46  84  91  85  21  64  33  40  83  89 |  94   7  24  41  77  12  38  10  35  98 |  43  62   2  18  14  86   9  93  90  76 |  29  87  27  66  34   3   1  48  71  20 |  82  92  28  73  70  75  68  30   6  79 |  23  26   4  97  61  65  45  31  11  55 |  54  96  16  59   5  99  74  44  67  95 |  50  42  58  63  88  49  32  72  57  25 |  69  56  22  81  17  47  37  15  53  60 |  80  19   8  13  51 100  36  39  52  78 |
|  37  15  24  32  81  69  17   2  94   4 |  33  25  11  57  23  21  18  68  86  87 |  85  59  97  78  79  51  89   3  56  30 |  92  64  50  98  46  55  47  91  31  63 |  88  39  95   5  71  34  14  76  48  96 |  93  36  66  38  13   1  35  49  99  43 |  19  77  58  45  72  80   8  82  42  60 |  83 100  22  10  74  61  53  12  40  73 |  20  90   9  52  75   6  62  84  16  65 |  26  28  67  27   7  54  70  44  29  41 |
|  51  80  13  52   8  78  36 100  19  39 |  56  15  17  60  53  81  22  37  69  47 |  63  72  50  88  57  42  32  49  25  58 |  16  67  54   5  44  96  59  74  99  95 |  97  31  23  45  61  55  65  11   4  26 |  28  79   6  82  70  68  73  92  30  75 |  27   3  29   1  66  71  48  34  87  20 |   2  86  76  43  18  93   9  62  14  90 |  35  94  38  12  24  98  10   7  77  41 |  84  83  21  91  46  40  33  89  85  64 |
|  55  75  53  18  93  58  20   6  63  35 |  36  70  19  96  13  97  42  64  71  54 |  33  65  84  16  41  47  99  17  77  27 |  11  51  15  22  25  88  56  52 100  89 |  74   7  83  10  37  87   8  86  60  81 |   2  78  29  85   9  32  57  69  40  24 |  73  30  26  39  23  38  21  14  76   4 |  48  67   1  82  46  68  28  80  31  94 |  79   3  91  45  59  34  95  50  44  43 |  61  12  62   5  98  49  90  66  72  92 |
|  48  97  38  31  30  86  23  10  65  16 |  58  74   8  73   2  83  99  40  72  76 |  19  20   5  35  15  29  26  24  45  60 |  90  57  61  68  49   6   7  17  94  75 |  18  54  67  56  80  41  64  50  21  62 |   3  47  33  44  63  25  91  59  98  46 |  12  79  84  93  53  43  85  70  13  28 |  81  34  36  52  37  11  69  87  66  55 |  89  78  32 100  51  27  92  88   4  39 |  42  71   9   1  96  14  22  82  95  77 |
+-----------------------------------------+-----------------------------------------+-----------------------------------------+-----------------------------------------+-----------------------------------------+-----------------------------------------+-----------------------------------------+-----------------------------------------+-----------------------------------------+-----------------------------------------+
| 100  71  50  41   5  30  73   4  96  62 |  80  59  18  86  63  31  25  35  44  20 |  37  17  32  94  77  49  34   8  51  38 |  48  55  82  26  85  43  21  75  61  15 |  53  97  89  98  58  64   2  79   9  70 |  46  24  57   1  76  91  69  95  78  81 |  45  68  14  52  12  83  65   6  22  88 |  93  19  10  74  60  47  92  11  42  28 |  23  16  66  33  72  39  90  40  54  56 |  36   3   7  67  84  27  87  99  13  29 |
|  84  36  67  13   7  29  87  27   3  99 |  16  40  72  56  54  33  66  90  23  39 |  74  11  93  60  42  19  92  47  28  10 |  14  22  45  12   6  68  52  65  83  88 |   1  95  46  69  76  81  91  78  57  24 |  89  70   9  53  58   2  98  97  79  64 |  82  43  48  21  26  61  75  85  55  15 |  32  49  38  37  94   8  34  17  77  51 |  44  80  25  31  18  20  35  59  63  86 |  71  96   5  50 100   4  73  62  41  30 |
|  76   6  98  79  94  26  86  68  46  52 |  82  53   2  87  45   5  10  43  99  12 |  65   7  95  91  89  81  24  72   1  57 |  23  59  67  78  80  44  50   3  34  42 | 100  88   4  25  83  37  19  56  90  74 |  40  73  14  60  49  28  20  38  31  62 |  96  41  18  30  13   9  70  93  54  92 |  29  36  35  48  63  84  33  61  21  39 |  77  55   8  71  64  58  27  11  22  15 |  17  32  85  51  16  75  47  69  66  97 |
|  92  28  48  37  78  43  24  44  18  55 |  41  60  49  93  89  88   1  34  96   3 |  16  82  13  98   4  56  52  20  26  46 |  64  31  58  87  38  90  11   2  76  25 |  39  33  30   7  99  17  71   5  94   8 |  32  42  47  80  15  21  61  85  75  68 |  29  72  35  10  40  77  66  36  84  81 |  69  59  12  62  23  27  73  86  70  22 |  19  95  83  67   6  50  79 100  51  97 |  74  14  45  57  91   9  53  54  65  63 |
|  91  74  57  65  45  63  53   9  14  54 |  95 100   6  97  51  67  83  79  19  50 |  62  86  69  23  70  59  73  27  22  12 |  35  84  29  40  36  72  10  66  77  81 |  80  85  32  61  15  68  21  75  47  42 |  30   8  94  39  99  71   7  33   5  17 |  58  90  64  11  87  76   2  38  31  25 |  13  56  46  16  98  20  52  82   4  26 |  96  41   1  88  49   3  34  60  89  93 |  28  18  78  48  92  44  24  55  37  43 |
|  20   2  42  61  31  95  15  93  21  38 |  28  37  52  81  85  92  13  78   4  73 |  99  79  18  50  67   6 100  83  14  25 |  91  63  69  57  94  16  86  71   8  17 |  77  35  65   3  43  10  26  29  54  72 |  55  59  22  45  82  41  11  66  36  84 |  60  39  56  46  33  32  51  47  24  27 |  58  40  97  87  44  88  96  64  53   5 |  76   9  62   7  98  74  75  30  68  48 |   1  90  19  89  49  12  80  23  34  70 |
|  49   1  89  34  19  70  80  12  90  23 |   9  30  98  48  68   7  62  75  76  74 |  87  64  58  44  53  40  96  88   5  97 |  56  24  60  33  47  39  46  51  32  27 |  45  66  55  11  82  84  41  36  22  59 |  65  72  54  77  43  26   3  35  29  10 |  69  16  91  86  57   8  71  94  63  17 |  18   6  25  99  50  83 100  79  67  14 |   4  28  13  92  52  73  78  37  85  81 |   2  21  31  42  20  93  15  38  61  95 |
|  81  11  56  33  72  88  39  82  35  64 |  91  17  94  26  65  36  84  21  46  42 |  66  45  55   2  71  68  43  15  41  75 |  95  98  53  28  89   7  99   1   5  97 |  51  93  63  67  87  27  12   6  96  44 |  50  18  86  34  23  16  13  52  48  92 |  37  74   4 100  49  19  20  62  79  73 |  54  76  78   9  85  80   3  90  30  31 |  61  24  57  47  69  70  14  29  38  32 |  40  10  83  22  58  77  25   8  59  60 |
|  16  17  51  66  85  97  47  75  32  69 |  55  11  64  15  22  71   8  27  77  58 |  48  61  29  63  21  36  33  84  39  35 |  18  54  96  13  93  41  30  70   9  92 |  60  38  40  20  49  62  28  31  14  73 |   4  74  90 100  83  19  25  88  56  37 |  67  44  23  50  78  34   3  80  59  42 |  95  81  57  65  91  72  24   7  89   1 |  99  82  10   5   2  12  43  53  45  87 |   6  46  94  98  76  68  86  52  79  26 |
|  58  40  22  59  83  60  25  77  10   8 |  24  29  69  32  38  47  57  14  61  70 |   9  90  54  85  30  76   3  80  31  78 |   4  79  37  49  62  74 100  20  19  73 |  34  52  50  13  23  92  16  48  86  18 |  63  44  96  51  87  12  67  93   6  27 |  53   7  95  99  28   5   1  89  98  97 |  55  68  75  66   2  15  43  45  71  41 |  46  91  84  36  94  42  21  17  65  26 |  11  35  72  56  81  82  39  64  33  88 |
+-----------------------------------------+-----------------------------------------+-----------------------------------------+-----------------------------------------+-----------------------------------------+-----------------------------------------+-----------------------------------------+-----------------------------------------+-----------------------------------------+-----------------------------------------+
|  64  56  11  43  47   7  95   3  27  65 |  19  72  79  89  60  74  67  96 100  94 |  81   8  38  41  98  90  86  82  85  84 |  77  29  71  18  68  50  44  36  10  69 |  33  76  49  70  54  25  78  45  52  97 |  16   5   1  93  73  46  83  51  61   9 |  92  48  13  40  37  24  12  15  28  35 |  26   4  17  31  32  87   6  21  63  91 |  42  23  58  62  34  80  99  22  66  75 |  55  88  14  39  30  57   2  20  53  59 |
|  50  73  81  22  34  17  35  23  84  18 |  38  98  46  69  26  16  52   6   1  10 |  71  14  33  66  47  60  55  77  53   9 |  99  41  30  80  90  91  83  11  79   8 |  59   4  19  62  31  15  87  67  58  75 |  85  86  12  72  74  39  92  94  89  63 |  42  61  57   2 100  64  56  97  70  51 |  36  88  40  25   5  65  54  43  93  96 |  48  68  37  20  27   7  24   3  82  95 |  78  13  28  76  29  21  49  32  44  45 |
|  77  10  37  15 100  36  58  31  74   1 |  86  28  21  18  61  64  90  44  92  17 |  70  24  35  97  52  48  46   7  68  73 |  19  27   4  54  43  93  26   9  62  65 |  81   8  14  41  79  99  42  23  40  88 |  98  91  30   2  57  38   6  53  96  71 |  20  47  33  55  84  60  72  66  95  94 |  67  39  83  59   3  50  51  22  34  11 |  29  76  49  32  45  78  85  56  12  13 |  89   5  63  69  82  16  75  80  87  25 |
|  54  98  40  92  12   4   8  61  93  79 |   5  97  14  77  57  73  43  87  36  41 |  42  49  78  10  69   1  37  16  15  29 |  39  25   6  59   3  52  34  89  67  45 |  84  56  80  66   7  21  24  60  95  11 |  17  20  35  64  48  13  90  32  55  82 |  81  63  86  31  74  22  76  75  23  96 |  94  28   2 100  58  18  19  44  27  99 |  53  65  47  50  30  33  51  71   9  88 |  68  70  38  46  85  72  91  26  62  83 |
|  82  89  69  87  63  25  75  16   5  80 |  76  56  45  13  12  32  49  85  29  78 |  59  22  67   3  34  39  51  50  11  83 |  33  95  20  84  66  47  55  72  60  94 |   2  53  98   6  57  71  38  96  30  91 |  14  88  40  81  79  42  41   8  23  99 |   4  93  19  26  54  62   9  43  27  65 |  35  48  73  70  97   7  46  24  52  68 |  92  86  90  64  21  17  44  28  61  18 |  10  74 100  37  77  31  58   1  15  36 |
|  30  55  39  53  14  59   2  57  88  20 |  23  22  34  75  66  62  58  99  42  80 |  31  21  26  32  63   4   6  87  91  17 |  13  28  92  37  15  48  40  12  24  35 |  93  51  16  83  73   9  46  61   1   5 |  49  97  52  33  54  78  70  76  45  25 |  71  50  77  44  18  10  36  68  29  69 |  38  90  84  81  41  82  86   8  98  85 | 100  19  67  74  79  94  96  72  60  89 |  56  27  47  11  64   3  95  65  43   7 |
|   9  90  71  42  33  19  48  96   6  51 |   2  39  81   8  15  63  35  54  59  55 |  30  57  12  75  23  64  79  13  72  20 |  98  73   5  58  32  46  53  38  78  87 |  43  36  26  44  29  22  47   3  65  28 |  69  77  37  68  34  50  18  10  27 100 |  49  21  17  82   1  85  88   7  14  16 |  45  62  92  80  56  74  76  89  95  61 |  11  70  40   4  83  25  84  93  91  31 |  99  97  24  52  60  66  41  86  94  67 |
|  29  78  76  44  28  45  49  21  13  32 |  68   3  27  95  82  20  37  24  48   7 |  25  43  36   5  93  88  54  65  96  40 |  57  70  42 100  97  61   2  56  64  51 |  72  94  85  92  74  63  39  89  12  86 |  19  75  58  59  31  87  62   4  67  15 |  30  91  99  83  80  79  11  90  41   8 |  33  60   9  71  66  77  55  14  47  53 |   1  38  52  16  46  10   6  98  26  69 |  73  84  34  81  50  23  35  18  22  17 |
|  85  68  46  62  38  83  91  72  70  26 |  65  71  30  88   9  50  47  51  53  33 | 100  44  94  58  27  28  19  18  99   2 |  86  23  81  74  75  63  31  76  22  96 |  64  32  17  90  48  82  13  55  35  20 |  80  11  95  84   7  24  66  56  60  21 |   6  52  39  34  59  67  89   3  25  45 |  78   1  29  42  10  16  37  49  69  15 |  36   5  43  73  14  41  87  97  57  77 |  98  93  12  40  54  61   8  79  92   4 |
|  60  99  52  94  24  67  41  66  97  86 |  70  93  83  31  91   4  40  84  11  25 |  80  89  45  56  95  62  76  74  61  92 |  17  14  49   1   7  21  82  88  85  16 |  68  10  69  18  34 100  50  27  37  77 |  26  28  65  43  29  47  44  36   3  22 |   5  46  98  53  58  78  38  32  73  87 |  12  64  20  30  75  13  79  57  23  72 |  59   2  35  63  81  55  54  39  15   8 |  90   6  33  71   9  96  48  51  42  19 |
+-----------------------------------------+-----------------------------------------+-----------------------------------------+-----------------------------------------+-----------------------------------------+-----------------------------------------+-----------------------------------------+-----------------------------------------+-----------------------------------------+-----------------------------------------+
|  94  44  96  86  27  71  42  80  20  91 |  51  92  89  11  90  72  48  16  63  21 |  88  74  57   8   6  75   7  99  18  23 |  53  78  35  19  28  45  25  43  73  68 |  29  98  39  38   2  40  82  97  55  31 | 100  34  67  65  62  84  85  46  93  36 |  79  54  69  41  70  30  14  60  61  22 |   3  50  87   1  49  76  15  13  24  81 |  58  26   5  17   4  66  77  12  33  52 |  64  37  56  83  95  32  59  10  47   9 |
|  17  58  92  78  89  49  26  19  43  22 |  13  32  31  82  47  70  50   2  30  85 |  41  25  14  79  65  91  61  69  59  48 |   5  38  80   4  87  71  27  77  75  34 |   9  11  88  74  81   1  10  72  18  64 |  21  23  51  90  96   6  12  68  94   7 |  99  29  40  63  95  44 100  52  33  56 |  20  97  16  67  83  45  42  37  60  62 |   3  53  36  55  35  24  57  86   8  98 |  46  66  39  54  15  73  76  93  84  28 |
|  15  46  54  84  39  28  76  73  66  93 |  53  86  35  98   8  55  36  57   3  24 |  67  37  20  83  60  97  42  45  62  16 |  40  33  99  95  52  29  63 100  44  56 |  90  68  21  12  96   7   6  94  51  23 |  88  64  18   9  81  10  74  11  72   1 |  80  71   5  27   4  75  77  87  38  34 |  14  91  48  41  79  69  61  25  65  59 |  30  13  50  70  31  85   2  32  47  82 |  58  43  89  92  17  19  26  22  78  49 |
|  63  69  72   6  75  34   5  90  99  40 |   7  83  67  71  18   1  78  91  74  46 |  35  36  30  95  11  85  58 100  82  44 |  96  94   2  20  57  37   8  50   3  62 |  76  61  66  43  24  89  92  22  77  25 |  87  60  45  26  52   4  54  14  33  42 |  65  17  59   9  21  23  13  64  47  86 |  19  55  98  27  70  12  68  84  10  32 |  39  93  15  29  28  56  88  80  73  49 |  48  38  97  79  31  41  51  53  16  81 |
|  95  64  83  47  56   9  59  32  37  10 |  26  12   4  52  33  17   5  77  58  66 |   1  13   3  49  24  50  15  76  81  87 |  69  61  79  70  60  54  41  14  30  22 |  65  46 100  85  62  36  84  93  67  34 |  39  31  55  29   2  82  38  98  97  40 |  35  45  53  25  19  73  43  28  78  68 |  57  75  23  88   8  99   7  74   6  18 |  63  51  48  72  89  21  16  92  90  11 |  44  20  27  96  94  80  42  91  86  71 |
|  62  70  36   8   3  24  50  55  30  85 |  54  69 100  79  94  44  41  76  14  65 |  26  56  17  93  38  92  22  40  46  34 |  15   6  11  81  31   1  67  39  89   7 |  99  83  57  27  19  91  63  95  80  35 |   5  16  28  75  47  48  86  78  73  53 |  88  58  32  18  90  42  97  84  49  74 |   9  52  77  21  51  66  72   4  43  71 |  37  45  96  60  20  23  59  61  10  64 |  87  68  98  29  13  33  82  25   2  12 |
|  31  48  79  16  97  81  51  41  38  53 |  93  80  28  49  73  29  15  88  39  56 |  27  84  19  70  10  55  68  12  32  98 |  59  47  65  21  64  17   9  13  23  86 |  26  14  87  54  52  42   4  33  45  60 |  66  25  77  76  24  92  43  61  22  89 |   2  37  96   8  20   3  50  57  94  62 |  30  85  44  35  95 100  58  36  11  82 |  74   7  78   1  67  46  91  83  18  71 |  69  99  75  72  63  90   5  40   6  34 |
|  88   4  45  57  61  52  60  35 100  21 |  40  19  95  22  25  27  81  42  43  62 |  64  96  31  53  80   5  94  90  29  28 |  93  12  98  55  24  82  76  26  91  72 |  32  71  15   8  20  30  70  59  17  69 |  41   3  13  79  44  37  58  50  49  56 |  66  51  36  16  85  48  92  10  83  46 |  73  33  54  86  47  89  39  63   2  78 |   6  84  34  87   9  68  38  75  97  99 |  18   1  23   7  11  65  67  74  77  14 |
|  13  87  29   2  98  12  82  33  68  25 |  45  61  20  64  10  60  96  59  37  23 |  21   4   9  51  43  52  72  66  71  77 |  32  49  88  90  84  58  18  97  42  74 |  75  78   5  86  47  53  48  73  28  16 |  57  35  80  99  19  63  27  83  95  91 |  11   1  15  67  81  89  39  31   6   7 |  17  92  34  26  93  40  22  56  38  46 |  14  54  41  44 100  65  76  69  94  79 |  70  30   3  36  62  55  50  85   8  24 |
|  11  18   7  77  23  14  67  65   1  74 |  84  75   9  99  97  87  34  38   6  68 |  86  63  73  47   2  33  39  89  78  54 |  36  83  66  85  10  51  16  92  48  46 |  79  50  41  58  44  56  37  49  13   3 |  15  69  17  32  20  70   8  71  59  30 |  98  82  93  76  55  91  26  24  12  72 |  31   5  28  64  53  90  94  96  80  29 |  43  40  81  27  95  62  42  19  25  22 |   4 100  61  45  88  35  60  21  57  52 |
+-----------------------------------------+-----------------------------------------+-----------------------------------------+-----------------------------------------+-----------------------------------------+-----------------------------------------+-----------------------------------------+-----------------------------------------+-----------------------------------------+-----------------------------------------+
|  47  34  90 100  11  20  28  69  80  92 |  60  78  50  58  86  99   4  19  33  38 |  56  53  15  57  94  23  40  46  97  42 |  79  82  39  77   1  27  88  93  84  36 |   7  17  24  64  30  54  66  43  62  68 |   8  37  10   3  32   9  14  67  21  83 |  26  22  85  48  31  98  61  12  72  13 |  76  25  55  75  73  52   5   6  49  65 |  91  35  29  51  96  63  41  95  81  44 |  59  89  70  74  71  18  16  87  45   2 |
|  97  12   4  40  17  96  85  84  51  42 |  98  52  53  92  88  56  72   3   9  32 |   2  18  87  20  22  71  83  39  34  80 |  60  91  23  94  73   5  81  69  15  70 |  78  25  59  16  75  26  11  74  46  49 |  27   6  44  36  86  58  50  47 100  57 |  95  10  66  37  76  65  28  41  89  29 |  90  14  33   8  45  30  31  35  54  38 |   7  77  55  82  61   1  13  24  79  62 |  93  67  48  63  19  43  64  68  99  21 |
|  38  88  95  76  52   5   7  46  91  31 |  67  23  48  12  43   2  94  22  64  16 |  92  47  68  26 100  58  62  96  79   3 |   8  99  40  11  63  25  57  83  33  53 |  35  45  90  39  18  80  34  41  42  89 |  51   4  84  73   1  15  77  60  87  29 |  97  24  20   6  71  21  44  74  50  78 |  72  66  61  32  69  85  36  81  86  19 |  17  59  93  10  70  49  65  14  27  28 |  82  98  54   9  75  37  55  13  30  56 |
|  83  29  14  39  77  35  81  26  44  15 |  85  68  73  36  21  18  30  46  25  31 |  95  67  27  48   9  17   1  51  13  93 | 100   4  52  38  59  64  54  62  87  90 |  55  63  76  82  28  23  99   2  69  40 |  94  92  53  19  91  56  79  20  88  61 |  43  34  42  58  96  47  16  45  80  49 |  11  70  50   7  89  10  12  60  78  98 |   8   6  74  84  97  75  71  66  37   5 |  57  33  65  32  22  86   3  41  24  72 |
|  71  59  74  45  70   2  16  18  89  87 |  35  95  96  44  81  51  29  41  91  63 |  75   6  76  73  49  25   5  52  65  55 |  85  72  26  31  12  22  48  61  98  13 |   3  67   8  14  32  83   9  21  10  37 |  24  68  62   7  30  66  64  17  43  54 |  39  27  79  88  77  84  93   1  82  36 |  15  23  42  56  57  46  40  53  94  97 |  33  60   4  99  50  38  19  78  86  58 |  34  80  11  90  47  69  28  92 100  20 |
|  22  57  32  24  65  72   3  86  33  41 |   6  66  97   5  37  84  74  71   8  75 |   7  60  11  89  78  70  12  10  98  50 |  42  80  43  96  45  34  58  16  47  49 |  19  20  94  79  91  61  56  88  53  92 |  76  40  69  55  28  99  82  63   2  23 |  52  64 100  54  38  87  62  59   4  90 |  27  17  93  95  48  51   1  67   9  13 |  25  85  30  18  73  31  46  68  21  36 |  29  44  77  14  83  26  81  15  39  35 |
|  66  49  94  36   1  27  10  50  53   6 |  83  54  42 100  87  11  80  47  15  40 |  28  88  16  84  91  74  29  63  21  43 |   9  86   3  14  92  18  19  68  56  32 |  95  96  38  48  33  98  97  81  85  12 |  70  65   5  71  72  31  22  13  52  93 |  46  35   7  75  51   2  55  30  17  67 |   4  37  24  77  82  41  59  99  44  64 |  57  69  45  39  76  26  89  20  34  90 |  23  62  60  61  25   8  78  58  73  79 |
|  75  82   9  30  54  56  55  37  98  13 |  59  14  70  28  27  10  93  65  17  49 |  32  81  72  69  86  66  36  85  19  61 |  20  50  97  71  74  24   6  44  21  78 |  73  60  51  77   1  29  15  87  84   4 |  90  89  42  35  18  34  39  45  41  80 |  40  25   8  57  11  33  83  63  99  53 |  68  58   3  92  26  96  62  47 100  79 |  64  67  94   2  48  16  22  23  43  12 |  88  91  52  95  38  46   7  31  76   5 |
|  19  93  63  99  48  21  64  43  67  68 |  77  24  61  62  79  82  55  13   7   1 |   8  35  90  45  54  14  31  30  38  33 |  66  89  95  76  41  10  37  28  65  29 |  36  47  27  50  86  57  58 100  44   6 |  59  49  46  78  75  11  16  25  74  26 |  23   5  60  81  94  15  69  73  91  70 |  87  71  80   2  20  39  83  18  22  34 |   9  98  72  56  53  32   3  52  88  92 |  12  51  17   4  97  84  85  42  40  96 |
|  25  23  61  73  60  79  78   8  62  58 |  69  20  76  90  34  39  45  89  57  26 |  77  99   4  82  44  37  59  41  64  24 |   7  17  46  51  30  35  75  55   2  67 |  71  13  70  22  72  93  31  52   5  65 |  38  12  85  95  33  97  48  96  81  98 |   3  18   9  19  14  56  68  92  86  32 |  16  74  43  28  84  63  29  88  91  21 |  15  83  80  11  42  40  47  54  87 100 |  49  53   1  94  66  50  10   6  36  27 |
+-----------------------------------------+-----------------------------------------+-----------------------------------------+-----------------------------------------+-----------------------------------------+-----------------------------------------+-----------------------------------------+-----------------------------------------+-----------------------------------------+-----------------------------------------+
|  12  54  73  21  96  93  74  94  64   2 |  79  65  44  17  46   8   7  23  45  89 |   3  39  42  30  32  82  20  92  95  11 |  68  81  13  29  48  60  87  86  36  18 |  28  37  31   4   5  51  83  77  76  66 |   1  43  63   6  55  40  97  80  57  90 |  14  84  70  61  10  50  98  78  58  71 |  56  27  85  91  52  19  88  38  25  67 |  24  99 100  15  62  59   9  16  41  34 |  35  26  53  47  72  22  69  33  49  75 |
|  36  16  10  91  18  37  65  70  50  17 |  31  38  57  20  28  43  98  11  60  77 |  84  76  71  40  26  45  74  75  93  63 |  97  53  56  39  54  85  80  30   4   5 |  94   9   7  19  95  12  27  15   2  67 |  58  61  64  52  46  62  88  21  14  13 |  47  23  55  73  83   6  35  96   3  59 |  22  24  79  78  72   1   8  41  48 100 |  32  92  33  68  25  51  69  49  29  42 |  66  87  86  82  34  99  89  90  81  44 |
|   6   9  80  46  41   1  83  29   4  48 |  96  67  55  10  50  26  12  53  73  61 |  97  77  47  15  58  69  57  28  16  81 |  94   8  38  65  21  89  22  25  17  44 |  11  72  92  75  42  86  59  70   3  71 |  54  98  20  23  60  30  84  79  34  45 |  63 100  82  49  93   7  32  99  40  43 |  66  18  37  51  31   5  87  68  33  35 |  85  88  95  91  36  19  74  90  64   2 |  52  56  76  62  78  39  27  24  14  13 |
|  28  32   8  98  43   3  63  25  61  97 |   1  47  39  37  52  86   6  48  80  72 |   4  83  70  14  13  94   2  44  49  62 |  67  46  33  27  19  12  66  15  95  64 |  10  18  82  26 100  65  53  85  36  41 |  99  17  56  16  93  29  81  74  69  50 |  91  31  24  79  92  88  45  11  77  76 |  96  73  89  54  90   9  21  34  59  23 |  75  71  87  22  40  84  30  58  78  35 |  51  55  68  60   5  20  38  57   7  42 |
|  78  52  62  14  76  13  27  39  56  24 |  88  90  36   2  64  91  95  74  85  19 |  51  68  66  31  33  18  87   5  35  37 |  82  40  63  93  99 100  49  32   7  43 |  23  79  54  84  60  45  30  34  20  98 |  92  71   3  11  42  59  75  72  70  86 |  38  89  94  22  65  17  25  21   8  44 |  47  69  81  97  15  28  57  77  58  16 |  73  96  12  26  55  61  53  67  50  10 |   9   4  41  80   6  29  83  48  46   1 |
|  72  35  47  49  53  75  69  22  26  33 |  99  16  62  34  41  15 100   9  24  59 |  91  38  56  52  25  27  88  19  67  85 |  70  58  14  10  78  84  61  98  50  71 |   6  80   1  97  55  90  40  57  63  43 |  31  66  76  28   5  83   4  37  77  51 |  13  60  68  87  29  36  86  48  81  18 |  42  82  11   3  30  92  20  39  32  95 |  45  79   7   8  44  89  23  65  46  17 |  54  64  96  73  12  94  74   2  21  93 |
|  67  79  77  23  71  31  88  85  92 100 |  14  81   5  70  83   3  82  63  94  97 |  12  29  64  61  36  65  60  53  80   6 |  28  16   9  34  37   2  20  41  72  52 |  24  48  78  47  22  38  35  68  49  32 |  73  33  25   8  89  44  87  91  39  96 |  74  75   1  42  62  90  57  51  69  26 |  86  46  99  55  17  43  10  98   7  50 |  13   4  76  93  54  18  66  21  56  27 |  95  11  84  19  59  15  30  45  58  40 |
|  59  95  19  58  84  40  30  15  11  45 |   4  21  54  27  56  93  76  66  13  18 |  55  98  86  17   7  46  10  43  50  99 |   1  69  74  62  51  75  42  57  90  26 |   8  91  73  87  89  96  44  39  25  33 |  78  32  49  24  22  35  47  48  68  38 |   9   2  28  20  34  72  41  37  16  52 |  64  65   6  12  61  53  60  29  36  80 |  94  14  82   3   5  97  63  81  83  70 |  79  92  71  77  67  85  88 100  23  31 |
|  34  66  82  81  86  44  89  99  87  90 |  92  49  25  42  29  68  33  69  32  51 |  78  41  22  72  48  24   8   1 100  79 |  55   3  47  83  96  23  73  35   6  59 |  52  21  58  88  46  13  62  14  64  61 |   7  67   2  94  95  27  19   9  15  12 |  56  85  97  80  39   4  30  54  53   5 |  71  45  63  84  40  75  74  76  26  93 |  60  31  98  43  57  77  11  38  28  20 |  16  50  18  10  36  70  65  17  91  37 |
|   5  51  60   7  68  42  38  20  55  57 |  71  58  40  35  78  22  87  30  75  84 |  54  34  96  90  59  73  21   9  23  89 |  24  77  91  92  11  31  79  45  88  76 |  16  74  99  81  93  50  29  69  56  17 |  82  41  36  10 100  53  26  18  85  65 |  33  12  67  66  27  95  15  19  46  64 |  70  94  62   4  14  44   2  83  13  49 |  80   1   6  86  39  72  48  47  52  37 |  32  61  43   8  28  25  63  97  98   3 |
+-----------------------------------------+-----------------------------------------+-----------------------------------------+-----------------------------------------+-----------------------------------------+-----------------------------------------+-----------------------------------------+-----------------------------------------+-----------------------------------------+-----------------------------------------+
|  43  13  84  90  10  62  92  87  42  96 |  30  63  32  40  17   9  54  39  95   2 |  60  94  21  76  12   7  23  48  89  69 |   6  44  31  15  72  49  71  46  25  82 |  57  73  74  68  51  14  86  38  79   1 |  56  83  11  41  88   5  99  24  66  33 |  59  65  47  70   3  20   4   8  18  91 |  28  16  19  50  29  37  67  78  97  36 |  27  52  75  77  80  53  26  45  35  85 |  22  81  55  34  93  58 100  61  64  98 |
|   3  86  49  75  29  66  14  91  54  47 |  15  41  56  61   6  25  23  73  50  37 |  90  42  51  11  20  53  81  57  84  18 |  74   9  16  63  95  98  64  99  52   1 |  69   2  71  46  35  48  96  26  93  58 |  10  82  97  40  59  55  78  44  28   8 |  24  38  88  77  89  27   7  39  21  30 |  85  31   5  68  33  22  13 100  72  17 |  62  43  19  34  87  92  36  79  76  83 |  94  45  80  12  65  60   4  67  70  32 |
|  27  77  28  63  26  18  19  38  52  30 |  74  51  65  66  55  24  70  98  78  67 |  73  54   1  99  62  87  71  34  43  64 |  61   5  48  41  23  11  29  60  69  93 |  21  81  25   9  45  31   7  17  39  50 |  72  94  91  37  12  49 100   6  53  32 |  57  40  22  96  56  14  33  86  75  80 |  44  95   8  83  92   4  82  10   3  88 |  68  42  89  58  84  90  97  13  20  47 |  85  16  36   2  79  76  46  59  35  15 |
|  65  94  12  70  80  32   4  60  45  67 |  43  79  87  83  76  34  19  36  62  92 |  68 100  85  33  72  31  13  22  17   5 |  88  21  24  89  39  38  77   7  27  30 |  40  44  10  78  59   8  55  28  97  82 |  71  58  93  69  35  96  46   2  26  48 |  16  98  74  64  63  52  99  95   9   1 |  51  53  18  90  11  57  81  42  20  84 |  50  15  23  25  56  37  73  41   6  61 |  86  54  29  49   3  91  14  47  75  66 |
|  33  31  97   5  51  11  72   1   7   9 |  44  48  29  14  99  59  86   8  21  22 |  40  32  39  55  46   2  56  25   6  96 |  45  10  85  50  79  83  17  53  37  12 |  30  75  62  23  92  60  54  65  27  13 |  42  90  61  98  36  95  63  87  47  70 |  68  76  43  84  67  28  34  81  19 100 |  77  26  74  15  80  91  66  58  35  52 |  38  49  64  69  93   4  18  94   3  16 |  41  57  73  88  24  89  71  78  20  82 |
|  44  39  68  74  99   8  37  95  17  83 |  10  33   7   1   5  96  60  28  81  88 |  79  93  65  59  75  61  30  14  47  70 |  51  66  32  73  58  94  78  54  26  55 |   4  43  29  80  64  76  20  84  89  19 |  18  15  34  22  77  67  52   3  16  85 |  36  87  62  97  35  13  90  42  92   2 |  63  38  41  49   9  86  98  27  45  24 |  12  11  71  57  91  82  72  31 100  46 |  21  23  40  25  69  53  56  50  48   6 |
|  93  22  34  64  55  98 100  58  81  61 |  52  45  80  85  35  77  75  26  27  53 |  50  78  28  29  97  16  67  37  36  19 |  47  18  59   3   8  65  70   4  20  91 |  41  24  56  99  88  33   5  66  11  83 |  74   1  79  57  51  86  68  73  38  14 |  31  49   6  71  15  25  46  72  44  82 |  21   7  69  60  76  48  23  94  12  89 |  95  30  54   9  32   2  39  63  17  40 |  13  42  10  84  43  87  92  96  90  62 |
|  69  21  25  48  40   6  56  53  23  50 |  11  31  91  46 100  57  71  72  12  82 |  49  27  63   9  45  38  98  86  24  41 |  62  92  36  35  42  87  97  90  13   2 |  22   3  18  52  77  85  67  16  34  15 |  29  19  89   4  64  20  80  43  84  76 |  32  94  51  78  73  26  54  58  66  55 |  65  61  70  79  59  14  30  93  75  47 |  81  10  60  96   7  88  28  33   5   1 |  39  17  99  68  44  95  37  83  74   8 |
|  24  41  88  20  73  82  71  89  57  78 |  49  94  93  16   3  69  64  18  38   4 |  15  58  77  80  35  26  66  91  52  74 |  43  19  68  67  81  76  84  34  28 100 |  98  87  42  63  36  70  95  47  61  90 |  62  13  27  30  92  54  23  75  65  60 |  85  83  45  17  50  37  53  79  10  12 |  39   2  96  40  55  25  56  32  46   6 |  21  44  86  59  29  22   8  48  99  14 |  31   7  51  97  33   1  72   9   5  11 |
|  79  85   2  35  36  15  46  76  16  59 |  42  13  84  47  20  58  89  97  68  90 |  83  10  44  92   3  95  82   4  88   8 |  22  75  57  56  86  40  96  33  14  80 |  37   6  72 100  12  32  49  53  91  94 |  25  50  39  21  45   7   9  81  17  31 |  48  11  61  29  41  69  60  23   5  93 |   1  87  64  73  99  34  71  54  62  43 |  78  74  70  24  65  67  98  51  55  66 |  77  52  26  28  27  38  19  30  63  18 |
+-----------------------------------------+-----------------------------------------+-----------------------------------------+-----------------------------------------+-----------------------------------------+-----------------------------------------+-----------------------------------------+-----------------------------------------+-----------------------------------------+-----------------------------------------+
|  10  67  44   3  57  84  97  52  86   7 |  17  73  38  45  69  75  11  31  49  93 |  94   2  25  64  74  35  14  98  66  88 |  37  48  22  79  83  80  43  27  29  19 |  91  12  20  95  41   4  23   9  92  85 |  13  46  16  96  90  76   1  15  63  18 | 100  78  34  68  24  59  87  40  26  61 |  89  77  56  47   6  54  65  51   8  70 |   5  62  39  42  71  60  33  55  72  50 |  53  36  82  58  21  30  32  81  28  99 |
|  90  14  41  93  49  54  29  56  22  71 |  18  82  47  25  70  19  44  12  88  96 |  13  30  24  34  76  57  17  78  83  21 |  52  39   1  64  67  62  91   5  55  85 |  89 100  97  33   6  11  60  51  59  38 |  75  10  26  58   3  36  53  40   8  66 |  72  69  50  32   7  45  95   9  15  98 |  37  84  31  61  81  42  80  23  99  86 |  28  87  77  65  74  48  20  43  92  63 |  27  73  46  35   2  79  68  94   4  16 |
|  26  33  55  51  20  23  98  48   9  77 |  57  76  90  84  80  61  68  15  22  99 |  58  95  75  27   1  43  50  67  12  49 |  65   2  93  82   4  92  89  96  86  54 |  56  19  81  28  94  74  88  64  73  30 |  45  29  87  14  78  79  32   5  25  47 |  10  53  21  36   6  66  31  71  11  38 |  62  44  72  39   7  59  97  46  16  40 |  52  34  85  41  37   8  83  35  24   3 | 100  69  13  70  42  17  18  63  60  91 |
|   1  92  75  83  25  76  11  34  39  43 |  64   6  78  67  40  14  26   4  97  95 |  69  48  41  22  18  79  45  33  60  91 |  44  35  17  47  77  81  12  23  46  58 |  70  57  61  42  84  52  80  82  71  99 |  86  54  68  62  65  93  55  27  37  72 |  51   8  73  74  30  49  94  56  20   3 | 100  63  90  53  28  36  38  85  19  10 |  16  21   2  98  66  13  32   9   7  29 |  24  31  59  15  87   5  96  88  50  89 |
|  87  24  15  50  59  89  96   5  31  88 |  21   9  66  29   7  98   2  32  16  13 |  53  85 100  28  19  63  38  36  10  90 |  73  20  51  30  56   8  74  94  49   3 |  62  27  86  55  65  72  93  37  68  54 |  61  99  71  70  84  80  42  57  82  52 |  17  81  44  12  47  46  23  77  35  58 |  41  79  91  69  22  33  45  48  18  60 |  97  64  26  14  78  95   4   6  40  67 |  92  39  25  75   1  34  11  43  83  76 |
|  21  53  58  28  82  99  32  30  36  81 |  62  55  71  50  72  42  39  33   5  60 |  47  51  89   6   8  77  65  54  70  56 |  34  26 100  24  40  78  68  87  59  61 |  96  15  13   1  90  18  76  63  16  46 |  20  85  92  91  41  23  95  12   9   4 |  22  80  37  43  79  29  27  83  48  19 |  25  35  88  94  64  98  14   2  74  66 |  49  17  11  75  38  93  31  73  69  45 |  67  86  57  44  10  52  97   7   3  84 |
|  45  62  85  19  95  38  12  64  78  72 |  89  27   1  53  36  54  46  94  51  91 |  29   5  82  68  73  32  93  55   3  71 |  41  97  84  16  88  99  33  18  63  57 |  83  34  22   2  67  44  17   7  24  48 |  43  39  31  50  21  98  49  77  35  69 |  28  13  25  60  75  70  42  76  90  14 |  52   9   4  20  96  26  11  15  92  87 |  56  81  79  30  23  86 100  10  58  59 |   8  40   6  66  74  47  61  37  80  65 |
|  42 100  70  60  13  91  18  17  69  63 |  34  35  37   3  24  41  85  83  52   8 |  39  46  62   7  16  44  97  59  40  72 |  21  11  10   6  71  53  36  31  66  38 |  14   5  45  32  78  47  79  25  87  29 |  81  30  73  56  94  88  28  19  64  74 |  93  92  65  89  82  86  96   4   2  54 |  75  43  49  58  27  67  50  95   1  12 |  22  57  68  61  90  99  15  76  80  84 |  33   9  20  55  26  48  98  77  51  23 |
|   2  27  35   4  46  16  68  79  73  94 |  87  43  74  63  92  65  77  20  28  48 |  61  23  37  81  99  84  80  42  86  31 |  50  15  72   7   9  69  32  95  45  98 |  58  40  75  53   3  66  36   8  26  10 |  97  38  59  89   6  60  33 100  51  11 |   1  62  52  91  64  55   5  67  39  85 |  24  57  21  13  34  78  17  30  76  83 |  88  18  44  19  47  96  12  82  70  25 |  14  22  49  41  90  56  29  71  93  54 |
|  74   8  66  80   6  65  61  47  40  37 |  81  10  23  59  58  30  79 100  56  86 |  20  15  52  96  92   9  11  26  87   4 |  25  90  28  75  76  13  60  42  70  14 |  50  77  43  49  21  69  98  35  31  39 |  22  48  24  83  67  17   2  34   7  44 |  84  99  41  33  16  63  18  88  97  57 |  82  32  71  29  68  55  93   5  73   3 |  51  89  46  54   1  91  94  27  36  53 |  62  78  95  85  45  64  12  72  19  38 |
+-----------------------------------------+-----------------------------------------+-----------------------------------------+-----------------------------------------+-----------------------------------------+-----------------------------------------+-----------------------------------------+-----------------------------------------+-----------------------------------------+-----------------------------------------+
|  40  96  18  12  22  94  52  88  48  49 |  63  44  77  23   1  78  27  58  47  81 |  89   9  59  24   5  11   4  64  20  45 |   3  36  70  61  91  14  72  73  53  41 |  87  29  68  76  69  19  85  92  38  84 |   6  21 100  25  26  57  31  28  90  67 |  34  95  10  98  17  82  79  33  37  39 |  80  15  32  93  71  60  35  50  55   2 |  54  97  16  66  13  43   7  99  42  51 |  65   8  74  30  86  83  62  75  56  46 |
|   4  72  21  67  69  10   1  42  47  60 | 100  64  68   6  84  95  31   5  90  57 |  17  91  92  12  85  41  78  29  75  51 |  38  93  87  25  26  28  13  80  96  99 |  27  86   9  24  14  79  89  44  88   2 |  11  56  43  63  50  73  15  70  18  97 |  94  59  30  23   8  74  49  22  45  77 |   7  98  82  76  65  58  16  40  81  48 |  55  46  61  35  33  83  52  62  39  19 |   3  34  37  20  32  71  66  36  54  53 |
|  14  38   6  26  64  80  44  59  82  27 |  20  89  92  76  74  40  65  17  34  36 |  23  19  43  13  39  54  49  94  30 100 |  63  88  18  86  29  42  85  24   1  11 |  61  99  35  60   4   5  81  91  83  52 |  37  93  41  47  66  75  96  58  62  78 |  21   9  71  15  46  51  67  55  56  48 |  53   3  68  22  87  73  84  31  90  33 |  10  25  69  79  12  45  50   8  32  72 |   7  95   2  16  70  28  77  98  97  57 |
|  86  65  30  56  74  46  62  83   8  75 |  97  99  13  51  42  66  16   7  54  43 |  93  50  80  71  55  15  35  60   2  32 |  10  37  34  17  33  95  98  79  82  39 |  25  28   6  31  26  67  57  90 100  21 |  68  84  38  87  69  85  76  29  92  19 |  70  14   3  72  61  53  73  91  36  41 |  59  11  45  89  24  64   4   9   5  20 |  47  63  27  78  77  81  58  44   1  23 |  96  48  22  18  40  88  52  49  12  94 |
|  68  50  43  17  92  33  31  11  58   5 |  48  87   3  94  96  85  56  29  41   9 |  18  26  79  42  88  83  27  38  63  66 |  76  65  62  97  69  57  90  64  81  47 |  46   1  36  59  16  95  72  12  23  80 |  34   7  32  20  40  74  30  22  10  49 |  75  19  89   4  44  54  78 100  52   6 |  61  99  86  14  67  21  77  70  28   8 |  98  73  53  37  60  15  82   2  71  91 |  45  24  35  93  39  51  13  84  25  55 |
|  32   3  20  54  37  53  66  71  34  36 |  46  62  33  19  39  35  61  52  55  83 |  76  40   7  65  81  98  16  58  48  82 |  30  45  94   8  22  59  23  49  74  77 |  63  70  11  15  50  97  73  18  43  56 |   9   2  88  27  14  89  24  86  44  79 |  87  28  38  13  25  96  80  26  93  99 |  92  41  51  17  12  29  78  91  85  75 |  90 100  31  95  68  57   5  64  84   6 |  72  47  69  21   4  42   1  60  67  10 |
|  41  91 100  89  87  73  79  78  29  76 |  22   4  86  21  11  28  59  70  67  14 |  34  69  46  36  56  72  25   6  57  52 |  27  60   7  43  16  20   5  40  35  31 |  17  64  48  71  98  39  77  42   8  45 |  33  51  82  13  53   3  65  55  54  94 |  83  32  12  92   2  58  84  50  68  66 |  74  10  95  96   1  62  47  97  37  44 |  18  75  24  38  88  30  93  26  49  80 |  63  15  90  23  61  81  99  19   9  85 |
|  39  45  93  25  35  55  13  51  24  84 |  73   2  60  91  71  37  53  82  98  15 |  14  70  61  67  28  99  77  21   8  86 |  89  52  75  44 100  19   4  78  54   6 |  20  22  34  30  40  49  74  10  32   7 |  36  80  23  46  16  72  59   1  12  95 |  62  57  76  90  97  81  64  69  65  47 |  79  83  66  18  42  38  27  26  88  63 |  41  48  56  85   3   9  29  87  96  94 |  50  58  92  43  68  11  31   5  17  33 |
|  61  63  23   9  90  85  99  81  15  19 |  75  26  88  80  49  38  24  93  18  30 |  96  97  74   1  37  10  47  62  44  95 |  12  68  83   2  50  32  92  84  58  66 |  13  55  33  65  53  94   3  54  82  51 |  48  45   8  17  98  77  71  64  42  39 |   7  20  27   5  43  35  40  16  60  31 |  46  72  52  34  36   6  25  69  56  57 |  67  22  59  28  86  14  70   4  11  21 |  91  29  87 100  41  78  79  76  89  73 |
|  70   7  16  97   2  57  77  28  95  98 |  25   8  12  72  32  79  69  50  10  45 |  22  31  53  87  90   3  84  73  33  68 |  71  56  21  46  55   9  15  67  51  48 |  47  58  37  96  66  78  75  62  41  93 |  35  52  83  61   4  81  60  99  91   5 |  18  42  63  85  86   1  24  29  88  11 |  43  54 100  23  13  94  49  19  39  30 |  34  20  65  40  92  36  17  89  74  76 |  38  82  64   6  14  59  44  27  26  80 |
+-----------------------------------------+-----------------------------------------+-----------------------------------------+-----------------------------------------+-----------------------------------------+-----------------------------------------+-----------------------------------------+-----------------------------------------+-----------------------------------------+-----------------------------------------+
|  73  47  86  71  58  39  21   7  76  95 |  12  91  43  24  31  13  92  49  65  52 |  11  16  23  38  82  80  41  35   9  14 |  75  96  25  45  17  36  51  29  40  83 |  48  26  64  37  10  77  18   4  50  87 |  60  22  19   5  97  33  93  84  32  88 |  44  67  78  28  42  68   6  98  30  79 |  34  89  15  46 100  56  90  55  61  27 |   2  72   3  53  63  69  81  57  59  54 |  20  85  66  99   8  62  94  70   1  74 |
|  35  81  78  55  15  48  34  24  49  46 |  39  42  16  33  95  23  21  56  70   5 |  98  92  88  62  84  20  63  79  76  67 |  72 100   8  60  27  66   3  58  93  37 |  31  65  96  29  25  59  94  13  99  14 |  91   9  74  86  85  61  17  82   1  28 |  90  26   2  69  52  57  22  53  71  10 |   6  30  47  44  19  32  18  73  83  54 |  87  50  51  89  41  11  45  36  75   7 |  43  77   4  64  80  97  40  12  38  68 |
|   8  20  99   1  66  74  94  62  85  70 |  72  57  63  54  59  53   3  81   2  69 |  46  55  34 100  61  89  90  56  27  15 |  78  30  44  42  98  67  28   6  68  79 |   5  84  60  93  97  88  33  32  19  22 |  64  87  50  48  10  18  37  26   4  77 |  25  36  75  51  45  40  29  17  96  83 |  23  80  14  11  38  35  41  16  82   9 |  65  12  92  13  43  52  49  91  31  24 |  47  76  58  86  73   7  21  95  71  39 |
|  23  60  65  69  91  87  93  63   2  11 |  47  18  15  38  30  48  88  25  66  71 |  45  52  10  21  17  96  85  81  42  53 |  46   7  76   9   5  56  95  59  16  84 |  54  41  12  36  68   3 100  24  75  55 |  79  27  78  49  39  43  40  62  58  20 |  77  97  31  94  99  92  19  35   1  50 |   8  13  26  57  86  70  64  28  51   4 |  83  29  73  80  22  44  61  34  98  74 |  37  72  32  33  89  67   6  14  82  90 |
|  80  43  64  38   4  68  40  97  77  12 |  50  36  41   7  75  89  51  45  87  11 |  44  73   6  19  83  30  18  32  54  47 |   2  71  90  52  53  26  69  22  57  10 |  86  82  91  17  85  28  61   1  74   9 |  96  14  99  31  25  94  29  65  13  59 |   8  66  72   3  60  93  58  27 100  37 |  88  20  67  98  62  79  63  92  84  76 |  70  39  21  23  16   5  56  42  95  33 |  81  49  15  78  35  24  34  46  55  48 |
|  18   5  59  88  44 100  45  98  75  56 |   8  46  10  78  19   6  17  67  84  64 |  72   3  60  39  29  93  48  31  37  94 |  54  43  89  91  20   4  65  82  12  23 |  92  16  47  21  38  35  51  83  81  76 |  52  57  70  15  11  69  34  42  80   2 |  55  73  49  62  32  41  63  13  74  33 |  99  22   7  24  77  71  95  66  87  58 |  40  27  97  90  85  79  86   1  14  68 |  30  25  50  26  53  36   9  28  96  61 |
|  53  30  26  96  50  61   9  36  25  28 |  27   1  85  68  14  90  97  86  40  79 |  24  66  99  77  87  22  95  71  58   7 |  49  74  55  32  13  73  62  63  41  33 |  15  42  52  34  11   2  69  80  70  57 |  47  76  81  92  38  51  21  16  83  35 |  89   4  54  65  91  12  82  20  43  23 |  60  93  94  72  39  31  48   3  29  37 |  84   8  17   6  10  64  67  46  19  78 |   5  75  44  59  18  98  45  56  88 100 |
|  89  37  33  82  32  90   6  67  72  14 |  29  34  22  74  98  80  73  61  83  44 |  57  28   8  86  51  13  64  70   4  26 |  31   1  77  99  35  97  94  19  92  50 |  49  62  79  40  39  20  43  58  78  27 |  12  55  75  54  68 100  36  41  24   3 |  76  56  46  95   9  16  59   5   7  84 |  10  96  53  45  21  81  85  52  17  42 |  66  47  88  48  15  71  25  18  30  38 |  60   2  91  65  23  63  93  11  69  87 |
|  52  19  17  27  42  22  54  92  79  29 |  37  77  58   9  62  76  28  55  26 100 |  36  33  40  43  68  78  91   2  69  65 |  80  85  86  48  18  70  38  81  11  24 |  67  23  53  89   8  73  90  46  98  63 |  44  95   7  66  56  45  72  30  71   6 |  64  15  87  14  88  39  47  61  34  21 |  49  12  59   5  25  97  75   1  50  74 |  82  32  20  94  99  35  60  96  93   4 |  83  41  16  31  57  13  84   3  10  51 |
|  57  83  31  10  16  51  84  13  41   3 |  32  96  99   4  93  94  20  60  82  35 |   5   1  49  25  50  12  75  97  74  59 |  87  34  64  88  61  15  14  47  39  21 |  66  30  44  72  56   6  45  71   7  95 |  53  63  98  67   8  90  89  23  46  73 |  86  70  80  38  48  11  81  18  85  24 |  40  78  65  36  43   2  91  33  68  69 |  26  37  28  76  58 100  55  77  62   9 |  19  79  42  17  52  92  54  29  27  22 |
+-----------------------------------------+-----------------------------------------+-----------------------------------------+-----------------------------------------+-----------------------------------------+-----------------------------------------+-----------------------------------------+-----------------------------------------+-----------------------------------------+-----------------------------------------+
