+---------------------------------------------+---------------------------------------------+---------------------------------------------+---------------------------------------------+---------------------------------------------+---------------------------------------------+---------------------------------------------+---------------------------------------------+---------------------------------------------+---------------------------------------------+---------------------------------------------+
|  38  16  70  72  19  18  62 119   6  37  32 |  24   1  99  52  45  95  88  36  92 111  13 |   8  50  71  57  25  89  40  15  90  91  44 |  66  23  81  17  84  69 113  93  78  55  64 |  43  86  35  74 120  56  14  94 110 118  12 |  79  26   5  63   9 116  75  33 106  54  48 |   3 108  96 117  41 114  68  58  28  80 109 |  65 105  20  51  98  60  22 112  21  97  61 |  77  53  73  49  31 100  76  46  67  87  27 |  34  83  59   7   4 121 104  82 103   2  39 |  42  29  30 101 102  85 115  10  47  11 107 |
|  48  63  33   9 106  75 116  54   5  26  79 |  25  91  40  50  89  57  44  15   8  90  71 |  20 105  22  61  65  98  60 112  51  97  21 |  96   3 114 108  41  58  68  80 109  28 117 |  73  53 100  49  27  76  67  31  77  87  46 |  66  55  17  78  84  93  69  81 113  64  23 |  47  29 115  30 107  85  10  11 101  42 102 | 110  12  56 118  86  43 120  94  14  35  74 |   7   4 103  39 121  59 104   2  34  83  82 |  16  72  37  62  32   6  38  18 119  19  70 |  24  36  99   1  88  95  45  52  92  13 111 |
| 104  34  39  83   2  82   7 103 121  59   4 |  42 101  30  10 115  85 102  29  47 107  11 |  92  52  13  95  24  45  99  36 111   1  88 |  79  48  33   5   9  75 106 116  63  26  54 |  60  98  97  61  22  20  21 112  65  51 105 |  32  37   6  16  72  62  18  70  19 119  38 |  23  17  66  64  84  81 113  69  55  93  78 |  25  50   8  90  89  40  71  15  44  91  57 | 110  86  43  74  94  35  56  12  14 118 120 |  67  87 100  77  53  31  76  27  73  46  49 |  80 108 117  28 109 114  96  68   3  58  41 |
|  20  21  61  51 105  22  65  60 112  97  98 | 116  26  54 106  79  33  63   5  48   9  75 |  23 113  69  81  93  66  64  17  84  55  78 |  53  76  49  31  87  27  46  77  67 100  73 |  30 115 101  85  11  47 102  29  42 107  10 |  86  35  94  14 118 110 120  74  12  43  56 | 104 121   4 103  83  39   2  82  59   7  34 |  80  68   3  41  96 117  58 108 109  28 114 |  24  45  99  95  36   1  92  52  88 111  13 |  44  90  91  25  89  15   8  71  40  50  57 |  62   6 119  37  16  70  32  19  38  18  72 |
|  76  67  49  87  46  27  77  73  31 100  53 |  80  28 117  68  96 114 109 108   3  41  58 |  47  10  11  85  42 115  30  29 107 101 102 |  32  38  70   6  72  18  19  62  16  37 119 |  40  89  91  57  71   8  44  15  25  90  50 |   4  59 121  34  83   7  82  39   2 103 104 |  48   5  79  54   9  33 106  75  26 116  63 |  24  52  92 111  45  99  13  36  88   1  95 |  65  98  60  61 112  97  20 105  21  51  22 |  14 118  35 110  86  94  56 120  43  12  74 |  93  17  64  55  78  81  66 113  23  69  84 |
|  47 102  85 107  10  11  42  30  29 101 115 |  77 100  73  46  53  49  67  31  76  87  27 | 104   2  82  39   7   4 103 121  83  59  34 |  89   8  57  15  90  71  50  25  44  91  40 |  54  79  26  33  75  48  63   5 116   9 106 |  45   1  36  88 111  24  13  95  52  99  92 |  20 112  98  60  51  61 105  22  97  65  21 |  62  19  38  72  32 119  18   6  16  37  70 |  93  66  64  81  17  55  23 113  78  84  69 | 109  41  28  80  96 108   3  58 117  68 114 | 110  94  43  35  14  74  86  12  56 120 118 |
|  92  88  95 111  52  13  24  99  36   1  45 |   7  59 103   2   4  39  34 121 104  83  82 |  38  19  18  70  62  32 119   6  72  37  16 |  98  20  61 112  51  22 105  65  21  97  60 |  64  66  55  81  69  23  78  17  93  84 113 |  89  91  15  44  90  25  71  57  50  40   8 |  56  94  86  43 118  74  12 120  35 110  14 | 116 106  48   9  79  54  75   5  63  26  33 |  80  96 117 114 108  28   3  68 109  41  58 | 102 107 101  42 115  29  47  11  30  10  85 |  77  31  73 100  67  49  53  46  76  27  87 |
|   3 109 114  41  68  58  80 117 108  28  96 | 110  35  43  12  86  74  14  94  56 118 120 |  76  46  27  49  77  53  73  31  87 100  67 |  45  92  95  36 111  13  52  24  88   1  99 | 119  32  37  70  18  38  16   6  62  72  19 | 115 101  29 102 107  42  11  85  10  30  47 |   8  15  89  40  90  57  50  71  91  25  44 |   7   2 104  83   4 103  82 121  34  59  39 | 116  79  54  33   5  26  48 106  63   9  75 |  78  84  55  93  66  17  23  69  64 113  81 |  65 112  60  97  21  61  98 105  20  22  51 |
|  23  78  81  84 113  69  93  64  17  55  66 |  65  97  60 105  98  61  21 112  20  51  22 |  56  12 120  74 110  86  43  94 118  35  14 | 115  47  85  29 107  11  10  42 102 101  30 | 103   4  59  39  82 104  34 121   7  83   2 |  96  28 108 109  41  80  58 114  68 117   3 |  92  36  45  99 111  95  52  13   1  24  88 |  77  46  76  87  53  73  27  31  67 100  49 |  62  32 119  70   6  37  38  19  16  72  18 |  63   9  26 116  79   5  48  75  54 106  33 |  25  15  40  91  44  57  89  50   8  71  90 |
|  56  14  74 118  12 120 110  43  94  35  86 |  93  55  64 113  66  81  78  17  23  84  69 |   3  68  58 114  80  96 117 108  41  28 109 |   4 104  39 121  83  82   2   7  34  59 103 |  99  45   1  95  13  92  88  36  24 111  52 |  53 100  31  67  87  77  27  49  46  73  76 |  38   6  32 119  72  70  19  18  37  62  16 |  42  10  47 107 115  30  11  29 102 101  85 |  25  89  40  57  15  91   8  50  44  90  71 |  21  51  97  65  98 112  20  22  60 105  61 | 116   5  54  26  63  33  79 106  48  75   9 |
|   8  44  57  90  50  71  25  40  15  91  89 |  62  37 119  19  32  70  16   6  38  72  18 |  48 106  75  33 116  79  54   5   9  26  63 |  86  56  74  94 118 120  12 110  14  35  43 | 117  96  28 114  58   3 109 108  80  41  68 |  98  97 112  21  51  65  22  61 105  60  20 |  76  31  53  73  87  49  46  27 100  77  67 |  93 113  23  84  66  64  69  17  78  55  81 |  42 115  30  85  29 101  47  10 102 107  11 |  88 111   1  24  45  36  92  13  99  52  95 |   7 121 103  59  34  39   4   2 104  82  83 |
+---------------------------------------------+---------------------------------------------+---------------------------------------------+---------------------------------------------+---------------------------------------------+---------------------------------------------+---------------------------------------------+---------------------------------------------+---------------------------------------------+---------------------------------------------+---------------------------------------------+
|  61  51  60  97  22 112  78  98  20 105  65 |  21 106  79  75 116  54   9  48  33  26   5 |  81  69  17  64  14  93  66  23  55 113  84 |  77  49  73  76 100  31  27 102  87  46  53 | 115  42  10  30  29  85 107  47  34 101  11 | 110  12  56 118  35 109  94  43 120  86  74 |  39 104   7   4  59 103  82 121   2  88  83 |  67  58 114  28  80  96 108   3  41  68 117 |  16  24  45  99  92  52  95  13 111   1  36 |  90  91  50  63  25   8  57  15  89  71  40 |  44  38  32  19  72 119  62  18  70   6  37 |
| 114  41 117  28  58 108  67  96   3  68  80 | 109  12  86 120 110  43 118  56  74  35  94 |  49  27  31  73 102  77  53  76 100  46  87 |  24  95  99  92   1  36  13  16 111  52  45 |  32  62  19 119   6  70  72  38  44  37  18 |  42  10  47 107 101  34  29  30  11 115  85 |  57   8  25  89  91  40  71  15  50  63  90 |  88  82  39  59   7   4 121 104  83   2 103 |  21 116  79  54  48 106  33  75   9  26   5 |  84  55 113  14  93  23  81  17  66  69  64 |  78  20  98 105  51  60  65  22  61 112  97 |
|  70  72 119  37  18   6  44  32  38  19  62 |  16  52  45  13  24  99 111  92  95   1  36 |  57  71  15  40  63  25  89   8  91  50  90 |  93  81  64  23  55  17  69  14  84 113  66 |  86 110  12  43  94  74 118  56 109  35 120 | 116 106  48   9  26  21   5  54  75  79  33 | 114   3  80  96  28 117  58 108  68  67  41 |  78  22  61  97  65  98 112  20  51 105  60 | 102  77  53  73  76  46  49  27  87 100  31 |  83  59   2  88   7 104  39 121   4  82 103 |  34  47 115  10 107  30  42  11  85  29 101 |
|  39  83 103  59  82 121  88   4 104   2   7 |  34  10 115  11  42  30 107  47  85 101  29 |  95  13  36  99  16  24  45  92   1  52 111 | 116  33  54  48  26   5  75  21   9 106  79 |  98  65 105  60 112  61  51  20  78  97  22 |  62  19  38  72  37  44   6 119  18  32  70 |  81  23  93  66  55  64  69  17 113  14  84 |  63  71  57  91  25  89  15   8  90  50  40 | 109 110  86  43  56  12  74 120 118  35  94 |  87 100  46 102  77  76  49  31  53  27  73 |  67   3  96  68  41 117  80  58 114 108  28 |
|  74 118  43  35 120  94 109  86  56  12 110 |  14 113  66  69  93  64  84  23  81  55  17 | 114  58 108 117  67  80  96   3  28  68  41 |   7  39 103 104  59 121  82  88  83   2   4 |  45  24  52  99  36  95 111  92  16   1  13 |  77  46  76  87 100 102  31  73  27  53  49 |  70  38  62  32  37 119  18   6  19  44  72 |  34  11  85 101  42 115  29  47 107  10  30 |  63  25  89  40   8  50  57  71  90  91  15 |  51  97 105  78  65  20  61 112  98  22  60 |  21  48  79 106   9  54 116  75  33   5  26 |
|  85 107  30 101  11  29  34 115  47  10  42 | 102  46  53  27  77  73  87  76  49 100  31 |  39  82 121 103  88   7   4 104  59   2  83 |  25  57  40   8  91  15  71  63  90  50  89 |  79 116 106  54   5  33   9  48  21  26  75 |  24  52  92 111   1  16  36  99  13  45  95 |  61  20  65  98  97  60  22 112 105  78  51 |  44  18  70  37  62  32   6  38  72  19 119 |  14  93  66  64  23 113  81  69  84  55  17 |  41  28  68  67  80   3 114 108  96  58 117 | 109  56  86  12 118  43 110 120  74  94  35 |
|  81  84  64  55  69  17  14  66  23 113  93 |  78 105  98  22  65  60  51  20  61  97 112 |  74 120  94  43 109 110  86  56  35  12 118 |  42  85  30  47 101  29  11  34 107  10 115 |   4   7   2 103 121  39  83 104  88  59  82 |  80  68   3  41  28  67 108 117  58  96 114 |  95  92  24  45   1  99  13  36  52  16 111 | 102  27  49 100  77  53  31  76  87  46  73 |  44  62  32 119  38  19  70  18  72  37   6 |   9  26 106  21 116  48  33   5  79  75  54 |  63   8  89  50  90  40  25  71  57  15  91 |
|  33   9  54  26  75   5  21  79  48 106 116 |  63  50  89  71  25  40  90   8  57  91  15 |  61  22 112  60  78  65  98  20  97 105  51 |  80 114 117   3  28 108  58  67  41  68  96 |  53  77  46  73  31  49  87  76 102 100  27 |  93 113  23  84  55  14  17  64  69  66  81 |  85  47  42 115 101  30  11  29  10  34 107 | 109 120  74  35 110  86  94  56 118  12  43 |  88   7   4 103 104   2  39  82  83  59 121 |  72  37  19  44  62  38  70   6  32  18 119 |  16  92  45  52 111  99  24  13  95  36   1 |
|  57  90  40  91  71  15  63  89   8  50  25 |  44  19  32  18  62 119  72  38  70  37   6 |  33  75   5  54  21 116  79  48  26 106   9 | 110  74  43  56  35  94 120 109 118  12  86 |  96  80  68 117 108 114  41   3  67  28  58 |  65 105  20  51  97  78 112  60  22  98  61 |  49  76  77  53 100  73  27  31  46 102  87 |  14  69  81  55  93  66  17  23  84 113  64 |  34  42 115  30  47  10  85  11 107 101  29 | 111   1  52  16  24  92  95  36  45  13  99 |  88 104   4   2  83 103   7  82  39 121  59 |
|  95 111  99   1  13  36  16  45  92  52  24 |  88   2   4  82   7 103  83 104  39  59 121 |  70  18   6 119  44  62  32  38  37  19  72 |  65  61  60  20  97 112  22  78  51 105  98 |  66  93 113  64  17  81  84  23  14  55  69 |  25  50   8  90  91  63  15  40  71  89  57 |  74  56 110  86  35  43 120  94  12 109 118 |  21  75  33  26 116  79   5  48   9 106  54 |  67  80  96 117   3  68 114  58  41  28 108 | 107 101  10  34  42  47  85  29 115  11  30 | 102  76  53  46  87  73  77  27  49  31 100 |
|  49  87  73 100  27  31 102  53  76  46  77 |  67  68  96  58  80 117  41   3 114  28 108 |  85  11  29  30  34  42 115  47 101  10 107 |  62  70 119  38  37   6  18  44  72  19  32 |  89  25  50  40  15  57  90   8  63  91  71 |   7   2 104  83  59  88 121 103  82   4  39 |  33  48 116  79  26  54  75   5 106  21   9 |  16  13  95   1  24  45  36  92 111  52  99 |  78  65  98  60  20 105  61  22  51  97 112 | 118  35  12 109 110  56  74  94  86 120  43 |  14  23  66 113  84  64  93  69  81  17  55 |
+---------------------------------------------+---------------------------------------------+---------------------------------------------+---------------------------------------------+---------------------------------------------+---------------------------------------------+---------------------------------------------+---------------------------------------------+---------------------------------------------+---------------------------------------------+---------------------------------------------+
|  62  18  44   6  70 119  50  90  32  38  91 |  19  92  72  95  37  16  13  45  24  36  99 |  25  57  40  63 106  26   9  89  15   8  71 |  35  93  14  66  17  64  81  12  69  23 118 |  41  28  56 109  43 110 120  86  68  94  74 |  97  48  79  75   5 105  54  21  33  51 116 |  80  96 100  87 108  67 114 117   3  46  58 | 113  61  65 112  55  84  60  98  22  20  78 |  10 101 107 102  53  76  77  49  27  31  73 |  82 121 104  52   1   4   7 103 111  39  88 |   2 115  83  47  11  34  59  85  42  30  29 |
|  24  13  16  36  95  99  19  72  45  92  37 |  52 104 111  39   1  88  82   4   7 121 103 |  62  70 119  44  50  91  90  32   6  38  18 |  55  65  78  98 112  60  61 113  22  20  84 | 118  35  23  14  64  93  69  66  12  17  81 |  26   8  89  71  15 106  40  63  57   9  25 | 110  86  28  41  94 109  74  43  56  68 120 | 105  33 116   5  97  51  54  79  75  48  21 |  46 100  87  67  96   3  80 114  58 108 117 |  11  29  47   2  59 115  42  30  83  85  34 |  10  53 107  76  27 102 101  49  77  73  31 |
|  42  11  34  29  85  30   2  83 115  47  59 |  10  76 107  49 101 102  27  53  77  31  73 |   7  39 103  88  52   1 111   4 121 104  82 |  26  25  63  89  15  40  57 106  71   8   9 |  51  97  48  21  54 116  75  79 105   5  33 |  37  92  45  13  36  19  99  16  95  72  24 |  65  98  55  84 112  78  61  60  20 113  22 |  50  70  62   6  91  90 119  32  18  38  44 |  12  35 118  14  66  23  93  81  69  17  64 |  58 108   3  46 100  96  80 117  87 114  67 |  68  86  41  56 120 109  28  74 110  43  94 |
|  80  58  67 108 114 117  46  87  96   3 100 |  68  56  41  74  28 109 120  86 110  94  43 |  77  49  73 102  10 101 107  53  31  76  27 |  37  24  16  45  36  99  95  19  13  92  72 |  90  91  38  44 119  62  18  32  50   6  70 |  59  47 115  11  29   2  30  34  85  83  42 |  25  89  26   9  15  63  57  40   8 106  71 |  52  39   7 121   1 111 103   4  82 104  88 | 105  97  51  21  79  48 116  33  75   5  54 |  69  17  23  12  35  66  93  64 118  81  14 | 113  98  84  20  22  78  55  61  65  60 112 |
|   7  82  88 121  39 103  52 111   4 104   1 |   2  47  83  85  59  34  11 115  42  29  30 |  24  95  99  16  19  37  72  45  36  92  13 |  97 116  21  79   5  54  33 105  75  48  51 |  84  55  20  78  60  65  22  98 113 112  61 |  91  38  32  18   6  50 119  44  70  90  62 |  93  66  35 118  17  14  81  64  23  12  69 | 106  57  25  15  26   9  40  89  71   8  63 |  68  28  41 109  86  56 110  74 120  94  43 |  27  31  76  10 101  53  77  73 107  49 102 |  46  96  87   3  58  67 100 114  80 117 108 |
| 116  75  21   5  33  54 105  51  79  48  97 | 106   8   9  57  26  63  71  89  25  15  40 |  65  61  60  78 113  55  84  98 112  20  22 | 100  80  67  96 108 117 114  46  58   3  87 | 107 101  76 102  73  77  27  53  10  31  49 |  35  23  66  69  17  12  64  14  81 118  93 |  42 115  59  83  29  34  85  30  47   2  11 |  68  74 110  94  28  41  43  86 120  56 109 |  52   1 111  88   4 104   7  39  82 121 103 |  18   6  38  50  91  32  62 119  90  70  44 |  19  45  72  92  13  16  37  95  24  99  36 |
|  93  69  14  17  81  64  12 118  66  23  35 | 113  20  84  61  55  78  22  98  65 112  60 | 110  74  43 109  68  28  41  86  94  56 120 |  59  42  34 115  29  30  85   2  11  47  83 | 111   1 104  88 103   7  82   4  52 121  39 | 100   3  96  58 108  46 117  67 114  87  80 |  24  45  37  72  36  16  95  99  92  19  13 |  10  49  77  31 101 107  73  53  27  76 102 |  50  91  90  44  32  38  62  70  18   6 119 |  75   5  48 105  97  79 116  54  51  33  21 | 106  89   9   8  71  63  26  57  25  40  15 |
|  77  27 102  31  49  73  10 107  53  76 101 |  46   3  87 114 100  67  58  96  80 108 117 |  42  85  30  34   2  59  83 115  29  47  11 |  91  62  44  32   6 119  70  50  18  38  90 |   9  26   8  63  40  25  71  89 106  15  57 |   1 104   4  82 121  52 103  88  39 111   7 | 116  79  97  51   5  21  33  54  48 105  75 |  19  95  24  36  37  72  99  45  13  92  16 | 113  55  84  78  98  20  65  61  22 112  60 | 120  94  56  68  28  86 110  43  41  74 109 |  12  66 118  23  69  14  35  81  93  64  17 |
| 110 120 109  94  74  43  68  41  86  56  28 |  12  23 118  81  35  14  69  66  93  17  64 |  80 114 117  67  46 100  87  96 108   3  58 |   1   7  88   4 121 103  39  52  82 104 111 |  72  37  92  16  99  24  13  45  19  36  95 | 101  76  53  27  31  10  73 102  49 107  77 |  62  32  91  90   6  44  70 119  38  50  18 |   2  85  42  29  59  83  30 115  11  47  34 | 106  26   9  63  89   8  25  57  71  15  40 |  22 112  20 113  55  98  65  60  84  61  78 | 105  79  51  48  75  21  97  33 116  54   5 |
|  25  71  63  15  57  40 106   9  89   8  26 |  50  38  90  70  91  44  18  32  62   6 119 | 116  33  54  21 105  97  51  79   5  48  75 |  28 110 109  86  94  43  74  68 120  56  41 |  87 100   3  67 117  80  58  96  46 108 114 |  55  20  98  22 112 113  60  78  61  84  65 |  77  53 101 107  31 102  49  73  76  10  27 |  12  81  93  17  35 118  64  66  69  23  14 |   2  59  83  34 115  47  42  85  11  29  30 |  13  36  92  19  37  45  24  99  72  95  16 |  52   4 111 104  82  88   1  39   7 103 121 |
|  65  22  78 112  61  60 113  84  98  20  55 | 105  48  51  33  97  21  75  79 116   5  54 |  93  81  64  14  12  35 118  66  17  23  69 | 101  77 102  53  31  73  49  10  27  76 107 |  83  59  47  34  30  42  11 115   2  29  85 |  28  56  86 120  94  68  43 109  74  41 110 |   7   4   1 111 121  88  39 103 104  52  82 |  46 114  80 108 100  87 117  96  58   3  67 |  19  37  72  16  45  92  24  95  13  36  99 |  71  15   8 106  26  89  25  40   9  57  63 |  50  32  90  38  18  44  91  70  62 119   6 |
+---------------------------------------------+---------------------------------------------+---------------------------------------------+---------------------------------------------+---------------------------------------------+---------------------------------------------+---------------------------------------------+---------------------------------------------+---------------------------------------------+---------------------------------------------+---------------------------------------------+
|  30 101 115  10  29  47  83  42  85  11  34 | 107  27  77  31 102  53 100  49  73  46  76 | 103 121 104   4 111  88   7  39   2  82  59 |  63  40  89  57  50   8  15   9  91  71  25 | 116  21  75  79  48  54  26  33  51 106   5 |  16  13  95   1  52  72  92  45  36  24  99 |  60  61  78  65 105  98 112  20  22  84  97 |  90   6 119  19  44  62  38  70  37  18  32 | 118  14  93  66  81  69  64  17  55 113  23 |  28  68  58  87  67 114 117   3  80 108  96 |  41  74 110 120  35  86 109  94  43  56  12 |
|  40  91  89  50  15   8   9  25  57  71  63 |  90  18  62   6  44  32  37  70 119  19  38 |  54   5  48  79  51  21 116  33 106  75  26 | 109  43  86  74  12  56  94  41  35 120 110 |  80  67  58  96   3 117  28 114  87  68 108 |  78  22  61  97 105  84  20  98 112  65  60 |  73  49 102  77  46  53  31  76  27 107 100 | 118  17  64 113  14  93  23  81  55  69  66 |  83  34  42 115  85  11  30  29 101  10  47 |   1  52  13  72  16  95  99  92  24  36  45 | 111  39   7  82  59   4  88 121 103 104   2 |
| 119  37  32  19   6  38  90  62  70  18  44 |  72  13  24  36  16  45   1  95  99  52  92 |  40  15   8  89   9  63  25  57  50  71  91 |  14  64  66  81 113  23  17 118  55  69  93 | 110 109 120  86  56  43  35  74  41  12  94 |  21  75  33  26 106  51  48  79   5 116  54 | 117 114  67  80  68  96 108   3  58  87  28 |  84 112  60 105  78  65  20  61  97  22  98 | 107 102  77  53  49  27  73  31 100  46  76 |  59   2  82 111  88  39 103 104   7 121   4 |  83  85  42  11 101 115  34  29  30  47  10 |
| 117  28  96  68 108   3  87  80 114  58  67 |  41 120 110  94 109  86  35  74  43  12  56 |  73  31  76  53 107 102  77  49  46  27 100 |  16  99  45  95  52  92  36  72   1  13  24 |  62  44  18  32  38 119  37  70  90  19   6 |  34  11  85 101  10  83  47 115  29  42  30 |  40  57  63  25  50  89  15   8  71   9  91 | 111 121 103   2  88   7 104  39  59  82   4 |  51  21 116  79  33  75  54   5  26 106  48 |  55 113  69 118  14  81  64  23  93  17  66 |  84  61  65  22  97  98  78 112  60  20 105 |
|  43  35  86  12  94  56  41 110  74 120 109 | 118  69  93  17  14  66  55  81  64 113  23 | 117 108   3  96  87  67  80 114  68  58  28 |  88 103   4  39   2 104 121 111  59  82   7 |  24  16  13  45  92  99   1  95  72  52  36 | 102  27  49 100  46 107  76  53  31  77  73 | 119  70  44  62  19  32   6  38  18  90  37 |  83  29  30  10  34  42  47  85 101  11 115 |   9  63  25  89  57  71  40  15  91  50   8 |  97 105  22  84  78  61  60  20  65 112  98 |  51  33 116  75  26  79  21   5  54  48 106 |
|  64  55  66 113  17  23 118  93  81  69  14 |  84  22  65 112  78  98  97  61  60 105  20 |  43  94  56  86  41 109 110  74  12 120  35 |  34  30 115  85  10  47  29  83 101  11  42 |   7  88  82   4 104 103  59  39 111   2 121 |  67  58 114  28  68  87   3  96 108  80 117 |  99  95  16  24  52  45  36  92  13  72   1 | 107  31  73  46 102  77  76  49 100  27  53 |  90  44  62  32  70  18 119   6  37  19  38 |  26 106  75  51  21  33  54  48 116   5  79 |   9  57  25  71  91  89  63  15  40   8  50 |
|  73 100  53  46  31  76 107  77  49  27 102 |  87  58  80 108  67  96  28 114 117  68   3 |  30  29  47 115  83  34  42  85  10  11 101 |  44 119  32  70  19  38   6  90  37  18  62 |  25  63  71  89   8  40  91  57   9  50  15 |  88  82  39  59   2 111 104   4 121   7 103 |  54  33  21 116 106  79   5  48  75  51  26 |  72  36  99  52  16  24  92  95   1  13  45 |  84  78  65  98  61  22  60 112  97 105  20 |  35  12 120  41 109  74  43  56 110  94  86 | 118  81  93  69  55  66  14  17  64  23 113 |
|  99   1  45  52  36  92  72  24  95  13  16 | 111  82   7 121  88   4  59  39 103   2 104 | 119   6  38  32  90  44  62  70  19  18  37 |  78  60  98  61 105  20 112  84  97  22  65 |  93  14  69  66  23  64  55  81 118 113  17 |  63  71  57  91  50   9   8  89  15  25  40 |  43  74 109 110  12  86  94  56 120  41  35 |  51   5  54 106  21 116  48  33  26  75  79 |  87  67  80  96 114  58 117 108  28  68   3 | 101  10  11  83  34  85  30  47  42  29 115 | 107  49  77  27 100  53 102  31  73  76  46 |
| 103  59   4   2 121 104 111   7  39  82  88 |  83  11  42  29  34 115 101  85  30  10  47 |  99  36  92  45  72  16  24  95  52  13   1 |  21  54  79  33 106  48   5  51  26  75 116 |  65  78  22  98  20  60  97  61  84 105 112 |  44  18  70  37  19  90  38  32   6  62 119 |  64  81  14  93 113  66  17  23  69 118  55 |   9  15  40  50  63  25   8  57  91  71  89 |  41 109 110  86  74 120  43  94  35  12  56 | 100  46  27 107 102  49  73  76  77  31  53 |  87 114  80  58  28  96  67 108 117   3  68 |
|  54  26  79 106   5  48  51 116  33  75  21 |   9  71  25  15  63  89  91  57  40  50   8 |  60 112  20  98  84  78  65  61 105  22  97 |  67 117  96 114  68   3 108  87  28  58  80 |  77 102  27  53  76  73 100  49 107  46  31 |  14  69  81  55 113 118  23  66  17  93  64 |  30  85  34  42  10 115  29  47  11  83 101 |  41  94  43  12 109 110  56  74  35 120  86 | 111  88   7   4  39  82 103 121  59   2 104 |  37  19  18  90  44  70 119  38  62   6  32 |  72  95  24  13   1  45  16  36  99  92  52 |
|  60  97  98 105 112  20  84  65  61  22  78 |  51  75 116   5  21  79  26  33  54 106  48 |  64  17  23  66 118  14  93  81 113  69  55 | 102  73  53  49  46  76  31 107 100  27  77 |  42  34  11 115  47  30 101  85  83  10  29 | 109 120  74  35  12  41  56  86  94 110  43 | 103  39  88   7   2   4 121 104  82 111  59 |  87 108 117  68  67  80   3 114  28  58  96 |  72  16  24  45  95  13  99  36   1  52  92 |  91  50  71   9  63  57  40   8  25  15  89 |  90  70  62  18  37  32  44   6 119  38  19 |
+---------------------------------------------+---------------------------------------------+---------------------------------------------+---------------------------------------------+---------------------------------------------+---------------------------------------------+---------------------------------------------+---------------------------------------------+---------------------------------------------+---------------------------------------------+---------------------------------------------+
|  37  95  19  99  24  16  38  18  72  45   6 |  92   4  13   7  36  52  39 111   1 103  88 |  91  62  44  50   8  15  71  90 119  32  70 |  17  55 113  84  60  78  65  23  61  98  69 | 120  94  66  12  14  35  81 118  56  64  93 |   5  89   9  57  40  48  63 106  25  75  26 |  28  41 108  58  43  68 110 109  86   3  74 |  20 116  97  54 112  22  21  51  33  79 105 |  76  31  27  46  87  96 100  80 114 117  67 |  85  30 115 104 121  83  59  34  82  42   2 |  47 107  11  53  49  10  29  77 101 102  73 |
| 101  49  10  73  77 102  47  11 107  53  29 |  76  96  27  80  31  46 114  87 100 117  67 |  59  42  34   2 104 121  82  83  30 115  85 |  15  91  50  90 119  44  62   8  70  32  71 |  75   5  89 106  63  26  57   9  48  40  25 |  36   4 111  39 103  92  88  52   7  13   1 |  97  51 112  22  54 105 116  21  79  20  33 |  38  24  37  99   6  18  16  72  95  45  19 |  23  17  69 113  84  98  55  65  61  60  78 |  74  43  86   3 108  41  28 109  58 110  68 |  56 118 120  66  81  12  94  93  35  14  64 |
|  59  85   2  30  42  34 104  82  83 115 121 |  47  53  11  77  29  10  49 107 101  73 102 |   1   7  88  52  92  36  13 111 103   4  39 |   5  26 106   9  40  63  25  48  57  89  75 |  22 112  79 105  21  97  33  51  20  54 116 |   6  45  72  95  99  38  16  19  24  18  37 |  55  84  17  69  60 113  65  78  98  23  61 |   8  62  91 119  15  71  44  90  70  32  50 |  56  94 120  12 118  66  35  93  81  64  14 | 114 117  96  76  31  87 100  67  27  80  46 |   3  41  58  86  74  68 108 110  28 109  43 |
|   1  39  52 103   7  88  92  13 111   4  36 | 104 115  82  42 121   2  85  83  59  30  34 |  37  24  16  19  38   6  18  72  99  45  95 | 112  97 105  51  54  21 116  20  33  79  22 |  69  17  98 113  78  55  61  84  23  60  65 |  15  32  90  70 119   8  44  50  62  71  91 |  35 118  94 120  64  12  93  14  66  56  81 |  48  25  26  40   5  75  63   9  57  89 106 |   3 108  58  68  41  86  28 110  74  43 109 |  49  73  53  47  29 107 101 102  11  77  10 |  76  87  27  96 114  46  31  80 100  67 117 |
|  28  74  68  43 110 109   3  58  41  86 108 |  56  66 120  93  94  12  81 118  35  64  14 | 100  80  67  46  76  31  27  87 117  96 114 |  36   1  52 111 103  88   7  92  39   4  13 |  18   6  45  19  16  37  95  72  38  99  24 |  29  53 107  49  73  47 102  10  77  11 101 |  91  90  15  71 119  50  62  44  32   8  70 | 104  42  59  30 121  82  34  83  85 115   2 |  48   5  75 106   9  89  26  25  57  40  63 |  61  60  98  23  17  84  55  78  69  65 113 |  20  51  22  79  33 105 112 116  97  21  54 |
| 100 114  46 117  80  67  76  27  87  96  31 |   3  86  58 110 108  68  74  41  28  43 109 | 101  77 102  10  47  29  11 107  73  53  49 |   6  37  19  72  99  16  24  38  95  45  18 |  71  15  32  50  44  91  70  90   8 119  62 | 121 115  83  85  30 104  34   2  42  82  59 |  26   9   5  75  40 106  25  63  89  48  57 |  92   7   1 103  36  13  88 111  39   4  52 |  20 112  22 105  51  79  97 116  33  54  21 |  81  64  66  56  94 118  35  14 120  93  12 |  23  84  69  98  61 113  17  65  55  78  60 |
|  91  70  50 119  62  44   8  71  90  32  15 |  38  45  18  24   6  19  95  72  37  99  16 |  26  25  63 106  48   5  75   9  40  89  57 |  94  35  12 118  64  14  93  56  81  66 120 |  58 108  86  68 109  28  74  41   3  43 110 | 112  79  51  33  54  20  21 105 116  22  97 | 100  87  31  27 117  46  80  67  96  76 114 |  23  65  55  60  17  69  78  84  61  98 113 |  47  29  11  10 107  53 101  77  49  73 102 |  39 103   4  92  36 111   1  88  13   7  52 | 104  83  82 115  85   2 121  42  59  34  30 |
|  97  33 105  54 116  21  20  22  51  79 112 |  48  89  75  25   5 106  57   9  26  40  63 |  55  65  78 113  23  17  69  84  60  98  61 |  31 100  46  87 117  67  80  76 114  96  27 |  11  29  53  10 102 101  49 107  47  73  77 |  94  66 118  81  64  56  14  12  93 120  35 |  59  83 121  82  30   2  42  34 115 104  85 |   3 110  28  43 108  58 109  41  74  86  68 |  92  36  13  52 111   4   1   7  39 103  88 |  70 119  32   8  15  90  91  44  71  62  50 |  38  72  18  45  95  19   6  24  37  16  99 |
|  26  57 106  40  25  63  48  75   9  89   5 |   8  32  71  62  15  50  70  90  91 119  44 |  97 116  21 105  20 112  22  51  54  79  33 | 108  28  68  41  43 109 110   3  74  86  58 |  27  31  96  46  67 100 114  87  76 117  80 |  17  98  84  61  60  23  78 113  65  69  55 | 101 107  29  11  73  10  77 102  53  47  49 |  56  93  35  64  94 120  14 118  81  66  12 | 104 121  82   2  83 115  59  42  85  30  34 |  95  99  45  38   6  72  37  16  18  24  19 |  92 111  13   4  39  52  36   7   1  88 103 |
|  55  61 113  60  65  78  23  69  84  98  17 |  20  79  22 116 112 105  33  51  97  54  21 |  35  93  14  12  56  94 120 118  64  66  81 |  29 101  10 107  73 102  77  47  49  53  11 |  82 121 115   2  34  59  85  83 104  30  42 | 108  86  41  74  43   3 109  68 110  58  28 |   1 111  36  13 103  52   7  88   4  92  39 |  76  80 100 117  31  27  67  87 114  96  46 |  38   6  18  19  72  45  37  24  95  99  16 |  57  40  89  48   5   9  26  63  75  25 106 |   8  90  71  32  70  50  15  62  91  44 119 |
|  35  81  12  64  93  14  56 120 118  66  94 |  23  98  69  65  17 113  61  84  55  60  78 |  28 110 109  68   3 108  58  41  43  86  74 | 121  59   2  83  30  34  42 104  85 115  82 |  13  36   4  52  88   1  39 111  92 103   7 |  31  96  87 114 117  76  67  46  80  27 100 |  37  72   6  18  99  19  24  16  45  38  95 |  47  77 101  73  29  11 102 107  49  53  10 |   8  15  71  50  90  32  91  62  70 119  44 |  33  54  79  20 112  51  97  21  22 116 105 |  48   9  75  89  57 106   5  25  26  63  40 |
+---------------------------------------------+---------------------------------------------+---------------------------------------------+---------------------------------------------+---------------------------------------------+---------------------------------------------+---------------------------------------------+---------------------------------------------+---------------------------------------------+---------------------------------------------+---------------------------------------------+
| 112 116  20  21  97 105  98  61  22  51  60 |  79   9  33  26  54  48  25  75   5  63 106 |  17  55 113  23  66  64  81  69  78  84  65 |  73  31  76  27  67  46 100  53  80  87  49 |  85  30 107  47  10  29  77  11 115 102 101 |  43 118 120  93  14  86  12  56  35  74  94 | 121  82 103  39  34 104  59   2  83   4  42 |  96  28 108 109 117 114  68  58 110  41   3 |  45  99  95  92  13 111  36   1   7  88  52 |  62  44  90  89  40  71  15  50  57  91   8 |  32  18  70  72  24  38 119  37   6  19  16 |
|  15  62   8  44  91  50  89  57  71  90  40 |  32  72  70  37 119  38  24  18   6  16  19 |   5  26 106  48  79  54  33  75  63   9  25 |  43  94  56 120  14  12  35  86  93 118  74 | 114 117  41   3  68 108 110  58  96 109  28 |  60  51  22 116  21  98 105  20  97  61 112 |  31  27  73  49  67  76 100  46  87  53  80 |  66  55  17  78  64  81 113  69  65  84  23 | 115  30  85  47  11 107  29 101  77 102  10 |   7  88 111  45  99  13  36  52  95   1  92 |   4  82  39  83  42 104 103  59 121   2  34 |
|   6  24  38  16  37  19  32  70  18  72 119 |  45 111  95   1  99  92   7  13  36  88  52 |  15  91  50   8  89  40  57  71  44  90  62 |  64  17  23  69  78 113  55  66  65  84  81 |  74  43 118  56  12  94  93 120  86  14  35 |  54   9  75  25  63  79 106  48  26  33   5 | 108  58 117 114 109   3  28  68  41  96 110 |  98  97 112  21  60  61 105  22 116  51  20 |  53  73  49  76  27  87  31 100  80  67  46 |  42  34  83   4 103  82 121   2  39  59 104 | 115  11  85 107  77  47  30 101  29  10 102 |
|  36   7  92  88   1  52  45  95  13 111  99 |   4  83  39  59 103 104  42  82 121  34   2 |   6  37  19  38  32 119  70  18  16  72  24 |  60 112  20  22  21 105  97  98 116  51  61 |  81  64  84  23 113  17  65  69  66  78  55 |  40  90  71  62  44  89  50   8  91  57  15 |  94 120  43  74  14  56  35  12 118  86  93 |  79  26   5  63  54  33 106  75  25   9  48 |  96 117 114   3  58  41 108  28 110 109  68 |  77 102 107 115  30  11  29  10  85 101  47 |  53  27  49  87  80  76  73 100  31  46  67 |
|  94  93  56  14  35  12  86  74 120 118  43 |  66  84  81  55  64  23  65  69  17  78 113 | 108  28  68   3  96 117 114  58 109  41 110 | 103 121 104  82  34   2  59   4  42  83  39 |  95  99 111  92  52  36   7  13  45  88   1 |  73  87  27  80  67  53  46  76 100  49  31 |   6  18 119  70  16  38  37  19  72  32  24 | 115 101  29 102  30  85  10  11  77 107  47 |  89  40  57   8  71  90  15  91  62  44  50 | 116  21  51  98  60  22 112 105  61  97  20 |  79  75  33   9  25  48  54  26   5 106  63 |
|  29  77  47 102 101  10 115  85  11 107  30 |  53  87  49 100  73  76  80  27  31  67  46 | 121  59   2 104   4 103  39  82  34  83  42 |  40  15   8  71  44  50  91  89  62  90  57 |  33  54   9  48 106   5  25  75  79  63  26 |  99 111  13   7  88  45  52  92   1  95  36 | 112  22  60  61  21  20  97 105  51  98 116 |  32  37   6  16 119  70  19  18  24  72  38 |  66  64  81  23  69  84  17  55  65  78 113 | 110 109  41  96 117  58 108  68 114  28   3 |  86 120  74 118  93  56  43  35  94  12  14 |
|  17  65  23  78  55 113  66  81  69  84  64 |  98  51  61  97  60  20 116  22 112  21 105 |  94  35  12  56  86  43  74 120  14 118  93 |  30  29  47  11 102  10 101 115  77 107  85 |  39 103  83 104   2 121  42  82   4  34  59 | 117  41  58 110 109  96  68   3  28 114 108 |  36  13  99  95  88  92   1  52 111  45   7 |  53 100  31  67  73  49  46  27  80  87  76 |  32 119  70  38  18  72   6  37  24  16  19 |  25  63   9  79  54  75   5 106  33  26  48 |  89  71  57  90  62   8  40  91  15  50  44 |
| 108 110   3 109  28  68  96 114  58  41 117 |  86 118  74  35  43  56  93 120  94  14  12 |  31 100  46  76  53  73  49  27  67  87  80 |  99  36  92  13  88  52   1  45   7 111  95 |  70 119  72  38  19   6  24  18  32  16  37 |  30 107  11  77 102 115  10  47 101  85  29 |  15  71  40  57  44   8  91  50  90  89  62 |   4  59 121  34 103  39   2  82  42  83 104 |  79  54  33  48  75   9   5  26  25  63 106 |  65  78  84  66  64  69  17 113  81  55  23 |  98  22  61  51 116  20  60  97 112 105  21 |
| 121  42 104  34  59   2   4  39  82  83 103 | 115 107  85 101  30  47  77  11  29 102  10 |  36   1  52  92  45  99  95  13  88 111   7 |  54   5  48  75  63 106  26  79  25   9  33 |  61  60  51  20 105 112 116  22  98  21  97 | 119  72  18  24  16  32  19  38  37  70   6 |  17  69  64  81  78  23  55 113  84  66  65 |  89  91  15  44  40  57  50  71  62  90   8 |  86  43  74  56 120 118  94  35  93  14  12 |  80  67  87  53  73  27  31  46  49 100  76 |  96  58 114  41 110   3 117  28 108  68 109 |
|  31  80  76  67 100  46  53  49  27  87  73 |  96  41 114  28 117   3 110  58 108 109  68 |  29 101  10  47 115  30  85  11 102 107  77 | 119   6  38  18  16  19  37  32  24  72  70 |  57  40  90   8  50  15  62  71  89  44  91 | 103  83  82  42  34   4   2 104  59  39 121 |   5  75  54  33  63  48  26 106   9  79  25 |  45   1  36  88  99  95  52  13   7 111  92 |  98  60  61  20  22  51 112  97 116  21 105 |  93  14 118  86  43 120  94  12  74  35  56 |  66  69  81  84  65  23  64  55  17 113  78 |
|   5  25  48  63  26 106  79  33  75   9  54 |  89  90  57  91  40   8  62  71  15  44  50 | 112  97 105  20  98  60  61  22  21  51 116 | 117 108   3  58 109  68  28  96 110  41 114 |  49  73  87  76  46  31  80  27  53  67 100 |  64  84  69  65  78  66 113  23  55  81  17 |  29  11  30  85 102  47 101  10 107 115  77 |  86  35  94  14  43  74  12 120  93 118  56 |   4 103  39 104  82  83 121  59  42  34   2 |  24  16  72  32 119  18   6  19  70  37  38 |  45  13  95 111   7  92  99   1  36  52  88 |
+---------------------------------------------+---------------------------------------------+---------------------------------------------+---------------------------------------------+---------------------------------------------+---------------------------------------------+---------------------------------------------+---------------------------------------------+---------------------------------------------+---------------------------------------------+---------------------------------------------+
|  50 119  71  32  44  90  57  15  91  62   8 |  70  24   6  16  38  18  99  37  19  45  72 | 106  63   9  75  33  48   5  26  89  25  40 |  56  12 120  35  66 118  14  74  64  93  94 | 108   3 110  58  41  68  43  28 114  86 109 |  20 116  97  54  79  61  51  22  21 112 105 |  46 100  76  31  96  27  67  87  80  49 117 |  81  78 113  98  23  17  84  55  60  65  69 |  85  47  29  11 101  77  10 102  73  53 107 | 103   4   7  95  92   1  52 111  36  88  13 |  39  59 121  42  30  82 104  34   2  83 115 |
| 106  40  75  89  63   9  33   5  26  25  48 |  57  62  15  44   8  71 119  91  50  32  90 | 105  21  51  22  61  20 112  97  79 116  54 |   3  68  58  28  86  41 109 114  43 110 108 |  31  76  80  27  87  46 117 100  49  96  67 |  23  65  55  60  98  81  84  69  78  17 113 |  10 101  47  29  53  11 102 107  77  85  73 |  74  14  12  66  56  94 118  35  64  93 120 |  39 104 121  82  59  42   2  34  30 115  83 |  99  45  24  70  38  37  19  72   6  16  18 |  95   1  36   7 103  13  92  88  52 111   4 |
|  52 103  13   4  88 111  95  36   1   7  92 |  39  42 121  34 104  82  30  59   2 115  83 |  19  16  72  18  70  38   6  37  45  24  99 |  20 105  22  97  79  51  21  61  54 116 112 |  17  23  65  69  84 113  60  55  81  98  78 |   8  62  91 119  32  57  90  71  44  15  50 |  12  35  56  94  66 120  14 118  93  74  64 |  33  63 106  89  48   5   9  26  40  25  75 | 114   3 108  58  28 110  68 109  43  86  41 |  73  53  77  85  47 101  10 107  29 102  11 |  49 100  31  80 117  27  76  67  46  87  96 |
| 105  54  22  79  21  51  61 112  97 116  20 |  33  25   5  63  48  75  40  26 106  89   9 | 113  78  84  69  81  23  17  55  98  65  60 |  76  46  27 100  96  87  67  49 117  80  31 |  29  47  77  11 107  10  73 101  85  53 102 |  56  93  35  64  66  74 118 120  14  94  12 |   2  59 104 121 115  82  34  83  42  39  30 | 114 109  68  86   3 108  41  28  43 110  58 |  95  92  36  13   1   7  52  88 103   4 111 | 119  32  62  57   8  91  50  90  15  44  71 |  70  37   6  24  99  18  38  16  19  72  45 |
|  46 117  27  96  67  87  49  31 100  80  76 | 114 110 108 109   3  58  43  28  68  86  41 |  10 102 107  11  85  47  29 101  53  77  73 |  38  19  18  37  45  72  16  70  99  24   6 |  15   8  62  71  90  50 119  91  57  32  44 | 104  42  59  30 115  39  83  82  34 121   2 | 106  26  48   5  89  75  63   9  25  33  40 |  95  88  52   4  92  36 111   1 103   7  13 |  61  20 112  22  97 116 105  21  54  79  51 |  64  66  93  74  56  35  12 118  94  14 120 |  81  55  17  65  60  69  23  78 113  84  98 |
|  12  64 120  66  14 118  74  94  35  93  56 |  81  65  17  78  23  69  60  55 113  98  84 |  68 109  41  58 114   3 108  28  86 110  43 | 104   2  82  59 115  83  34  39  30  42 121 |  36  92   7  13 111  52 103   1  95   4  88 |  76  80 100 117  96  49  87  27  67  31  46 |  19  37  38   6  45  18  16  72  24  70  99 |  85 102  10  53  47  29 107 101  73  77  11 |  57   8  15  71  91  62  50  44 119  32  90 |  54  79 116  61  20  97 105  51 112  21  22 |  33  26   5  25  40  75  48  63 106   9  89 |
|  19  99  18  45  16  72  70   6  37  24  38 |  95   7  36  88  92  13 103   1  52   4 111 |  50  44  90  71  57   8  15  91  32  62 119 |  23 113  69  55  98  84  78  81  60  65  17 |  94  56  93 120 118  12  64  35  74  66  14 |  48  25  26  40  89  33   9  75  63   5 106 |  68  28   3 108  86  58 109  41 110 114  43 |  61  21 105  79  20 112  51  97  54 116  22 |  49  76  31  27 100  80  46  67 117  96  87 |  30 115  42  39 104  59   2  83 121  34  82 |  85 101  29  77  73  11  47 102  10 107  53 |
|  10  73  11  53 102 107  85  29 101  77  47 |  49  80  31  67  76  27 117 100  46  96  87 |   2  34  83  82  39 104 121  59 115  42  30 |   8  50  71  91  32  90  44  57 119  62  15 |   5  48  25  75   9 106  40  26  33  89  63 |  92   7   1 103   4  95 111  13  88  36  52 | 105  97  20 112  79  22  21  51 116  61  54 |  70  16  19  45  38   6  72  37  99  24  18 |  81  23  17  69  55  65 113  78  60  98  84 |  43  86 110 114   3  28  68  41 108 109  58 |  74  35  94  93  64 120  56  14  12 118  66 |
|   2  30  82 115  34  83  39 121  59  42 104 |  85  77  29 102  47  11  73 101  10  53 107 |  52  88 111  13  95  92  36   1   4   7 103 |  48 106  75  26  89   9  63  33  40  25   5 | 112  20 116  22  51 105  54  97  61  79  21 |  38  24  37  99  45  70  72  18  16   6  19 | 113  55  23  17  98  69  78  84  65  81  60 |  57  44  50  32   8  15  90  91 119  62  71 |  74  56  94 120  35  93  12  14  64  66 118 | 117  96  80  49  76 100  46  87  31  67  27 | 114  28 108 110  43  58   3 109  68  41  86 |
| 113  60  69  98  78  84  81  17  55  65  23 |  61 116 112  21  20  22  54  97 105  79  51 |  12  14 118 120  74  56  94  35  66  93  64 |  47  10  11 101  53 107 102  85  73  77  29 | 121 104  42  82  83   2  30  59  39 115  34 |   3 110  28  43  86 114  41  58 109 108  68 |  52   1  92  36   4  13  88 111   7  95 103 |  49  67  46  96  76  31  87 100 117  80  27 |  70  38   6  18  37  24  19  16  99  45  72 |  40  89  25  33  48  26 106   9   5  63  75 |  57  91  15  62 119  71   8  44  50  90  32 |
|  68  43  58  86 109  41 114 108  28 110   3 |  74  93  94  14  56 120  64  35  12  66 118 |  46  67  87  27  49  76  31 100  96  80 117 |  92  52  13   1   4 111  88  95 103   7  36 |   6  38  24  18  72  19  99  37  70  45  16 |  47  77 101  73  53  85 107  11 102  29  10 |  50  91   8  15  32  71  44  90  62  57 119 |  39  34   2 115 104 121  83  59  30  42  82 |  33  48   5  75  26  25 106  63  40  89   9 |  60  98  65  81  23  55 113  84  17  78  69 |  61  97 112 116  54  22  20  21 105  51  79 |
+---------------------------------------------+---------------------------------------------+---------------------------------------------+---------------------------------------------+---------------------------------------------+---------------------------------------------+---------------------------------------------+---------------------------------------------+---------------------------------------------+---------------------------------------------+---------------------------------------------+
|  22  79 112 116  51  97  60  20 105  21  61 |  54  63  48   9  33   5  89 106  75  25  26 |  69  84  55  17  64  81  23 113  65  78  98 |  49  27  31  46  80 100  87  73  96  67  76 |  47  85 102  29 101  11  53  10  30  77 107 |  74  14  12  66  93  43  35  94 118  56 120 |  82   2  39 104  42 121  83  59  34 103 115 | 117  41  58 110 114   3  28  68  86 109 108 |  99  95  92  36  52  88  13 111   4   7   1 |  32  62  44  40  57  50  71  91   8  90  15 | 119  19  38  16  45   6  70  72  18  37  24 |
|  69  98  17  65  84  55  64  23 113  78  81 |  60  21  20  51  61 112  79 105  22 116  97 | 120 118  35  94  43  74  56  12  93  14  66 |  85  11  29  10  77 101 107  30  53 102  47 | 104  39  34 121  59  82 115   2 103  42  83 | 114 109  68  86 110 117  28 108  41   3  58 |  13  52  95  92   7  36 111   1  88  99   4 |  73  87  27  80  49  76 100  46  96  67  31 | 119  70  38   6  19  16  18  72  45  24  37 |  89  25  63  54  33 106  75  26  48   9   5 |  40  50   8  44  32  15  57  90  71  91  62 |
|  18  45   6  24  72  37 119  38  19  16  70 |  99  88  92 111  95  36   4  52  13   7   1 |  71  90  91  15  40  57   8  50  62  44  32 |  81  69  17 113  65  55  84  64  98  78  23 |  56  74  14  94  35 120  66  12  43  93 118 |  33  63 106  89  25  54  26   5   9  48  75 |  58  68 114   3 110 108  41  28 109 117  86 |  60  51  22 116  61  20  97 105  79  21 112 |  73  49  76  31  46  67  27  87  96  80 100 | 115  42  34 103  39   2  82  59 104  83 121 |  30  10  47 102  53  29  85 107  11 101  77 |
|  75  89   5  25   9  26  54  48 106  63  33 |  40  44   8  90  57  15  32  50  71  62  91 |  22  51  97 112  60  61  20 105 116  21  79 | 114  58 108  68 110  28  41 117  86 109   3 |  76  49  67  31 100  27  96  46  73  80  87 |  81  78 113  98  65  64  55  17  84  23  69 |  11  10  85  47  77  29 107 101 102  30  53 |  43 118 120  93  74  56  35  12  66  14  94 | 103  39 104 121   2  34  82  83 115  42  59 |  45  24  16 119  70  19  18  37  38  72   6 |  99  52  92  88   4  36  95 111  13   1   7 |
|  13   4  36   7 111   1  99  92  52  88  95 | 103  34 104  83  39 121 115   2  82  42  59 |  18  72  37   6 119  70  38  19  24  16  45 |  61  22 112 105 116  97  51  60  79  21  20 |  23  81  78  17  55  69  98 113  64  65  84 |  57  44  50  32  62  40  91  15  90   8  71 | 120  12  74  56  93  94 118  35  14  43  66 |  54   9  75  25  33  48  26 106  89  63   5 | 117 114   3 108  68 109  58  41  86 110  28 |  53  77 102  30  85  10  11 101  47 107  29 |  73  46  76  67  96  31  49  87  27 100  80 |
| 120  66  94  93 118  35  43  56  12  14  74 |  64  78  23  84  81  17  98 113  69  65  55 |  58  41  28 108 117 114   3  68 110 109  86 |  39  82 121   2  42  59  83 103 115  34 104 |  92  95  88  36   1  13   4  52  99   7 111 |  49  67  46  96  80  73 100  31  87  76  27 |  18  19  70  38  24   6  72  37  16 119  45 |  30 107  11  77  85  47 101  10  53 102  29 |  40  57   8  15  50  44  71  90  32  62  91 |  79 116  21  60  61 105  22  97  20  51 112 |  54 106  48  63  89   5  33   9  75  26  25 |
|  27  96  31  80  87 100  73  76  46  67  49 | 117 109   3  41 114 108  86  68  58 110  28 |  11 107 101  29  30  85  47  10  77 102  53 |  70  18   6  19  24  37  72 119  45  16  38 |   8  57  44  15  91  71  32  50  40  62  90 |  39  34   2 115  42 103  59 121  83 104  82 |  75 106  33  48  25   5   9  26  63  54  89 |  99 111  13   7  95  92   1  52   4  88  36 |  60  61  20 112 105  21  22  51  79 116  97 |  66  93  14  43  74  12 120  35  56 118  94 |  64 113  23  78  98  17  81  84  69  55  65 |
|  82 115 121  42  83  59 103 104   2  34  39 |  30 102  47 107  85  29  53  10  11  77 101 |  13 111   1  36  99  95  92  52   7  88   4 |  33  75   5 106  25  26   9  54  89  63  48 |  20  61  21 112  97  22  79 105  60 116  51 |  70  16  19  45  24 119  37   6  72  38  18 |  69 113  81  23  65  17  84  55  78  64  98 |  40  90  71  62  57   8  91  50  32  44  15 |  43  74  56  94  12  14 120 118  66  93  35 |  96  80  67  73  49  46  27 100  76  87  31 | 117  68   3 109  86 108 114  41  58  28 110 |
|  11  53  29  77 107 101  30  47  10 102  85 |  73  67  76  87  49  31  96  46  27  80 100 |  82  83  59 121 103  39 104   2  42  34 115 |  57  71  15  50  62  91  90  40  32  44   8 |  48  33  63   5  26  75  89 106  54  25   9 |  95  88  52   4   7  99   1  36 111  92  13 |  22 105  61  20 116 112  51  97  21  60  79 | 119  72  18  24  70  38  37  19  45  16   6 |  64  81  23  17 113  78  69  84  98  65  55 |  86 110 109 117 114  68  58  28   3  41 108 |  43  12  56  14  66  94  74 118 120  35  93 |
|  71  32  15  62  90  91  40   8  50  44  57 | 119  16  38  72  70   6  45  19  18  24  37 |  75   9  26   5  54  33  48 106  25  63  89 |  74 120  94  12  93  35 118  43  66  14  56 |   3 114 109 108  28  58  86  68 117 110  41 |  61  21 105  79 116  60  97 112  51  20  22 |  27  46  49  76  80  31  87 100  67  73  96 |  64  84  69  65  81  23  55 113  98  78  17 |  30  85  47  29  10 102  11 107  53  77 101 |   4   7  88  99  95  52  13   1  92 111  36 | 103   2 104  34 115 121  39  83  82  59  42 |
|  58  86 108 110  41  28 117   3  68 109 114 |  43  14  56 118  74  94  66  12 120  93  35 |  27  87 100  31  73  49  76  46  80  67  96 |  95  13  36  52   7   1 111  99   4  88  92 |  38  70  16   6  37  18  45  19 119  24  72 |  85 102  10  53  77  30 101  29 107  47  11 |  71  50  57   8  62  15  90  91  44  40  32 | 103  83  82  42  39 104  59   2 115  34 121 |  54  33  48   5 106  63  75   9  89  25  26 |  98  65  78  64  81 113  69  55  23  84  17 |  60 105  20  21  79 112  61  51  22  97 116 |
+---------------------------------------------+---------------------------------------------+---------------------------------------------+---------------------------------------------+---------------------------------------------+---------------------------------------------+---------------------------------------------+---------------------------------------------+---------------------------------------------+---------------------------------------------+---------------------------------------------+
| 102  31 107  76  73  53  11 101  77  49  10 |  27 114 100 117  46  87 108  80  67   3  96 |  34  30 115  83  82   2  59  42  47  85  29 |  50  44  90  62  38  32 119  71   6  70  91 |  26 106  57   9  89  63  15  25  75   8  40 |  52  39   7 121 104  13   4 111 103   1  88 |  21 116 105  97  48  51  54  79  33  22   5 |  18  99  16  92  19  37  45  24  36  95  72 |  69 113  55  84  65  61  78  60 112  20  98 |  94  56  74  58  68 110 109  86  28  43  41 | 120  93  35  81  17 118  12  64  14  66  23 |
|  44   6  90  38 119  32  71  91  62  70  50 |  18  95  37  99  19  72  36  24  16  92  45 |  63  40  89   9  75 106  26  25   8  57  15 |  12  14 118  93  23  66  64 120  17  81  35 |  28  68  74  41  86 109  94 110  58  56  43 | 105  33 116   5  48  22  79  51  54  97  21 |  67  80  46 100   3  87 117  96 114  27 108 |  69  60  78  20 113  55  98  65 112  61  84 |  11  10 101 107  77  49 102  73  31  76  53 | 121 104  39  13  52   7  88   4   1 103 111 |  82  42  59  85  29  83   2  30  34 115  47 |
|  78 112  84  20  60  98  69  55  65  61 113 |  22  33  97  54 105  51   5 116  21  48  79 |  14  64  66 118 120  12  35  93  23  81  17 |  10 102 107  77  76  53  73  11  31  49 101 |  59   2  85  83 115  34  29  42  82  47  30 |  68  74 110  94  56  58  86  41  43  28 109 |  88   7  52   1 104 111 103   4  39  13 121 |  27 117  67   3  46 100  96  80 108 114  87 |  18  19  37  72  24  95  16  99  36  92  45 |  15   8  57  75 106  25  63  89  26  40   9 |  71  62  91  70   6  90  50 119  44  32  38 |
|  88 121 111 104 103   4  13   1   7  39  52 |  82  85  59  30   2  83  29  42  34  47 115 |  16  99  45  72  18  19  37  24  92  95  36 | 105  21  51 116  48  79  54  22   5  33  97 |  55 113  61  84  98  78 112  65  69  20  60 |  50  70  62   6  38  71  32  90 119  91  44 |  14  93  12  35  23 118  64  66  81 120  17 |  75  40  63   8 106  26  89  25  15  57   9 |  58  68  28  41 110  74 109  43  94  56  86 |  31  76  49  11  10  77 102  53 101  73 107 |  27  80 100 114 108  87  46 117  67  96   3 |
|  21   5  51  48  54  79  22  97 116  33 105 |  75  57  26  40 106   9  15  25  63   8  89 |  78  60  98  84  69 113  55  65  20  61 112 |  46  67  87  80   3  96 117  27 108 114 100 | 101  10  49 107  53 102  31  77  11  76  73 |  12  81  93  17  23 120  66 118  64  35  14 |  34  42   2  59  47  83  30 115  85  82  29 |  58  43 109  56  68  28  86 110  94  74  41 |  13  52   1 111   7  39  88 103 121 104   4 |   6  38  70  71  50  62  44  32  91 119  90 |  18  24  37  95  36  72  19  99  16  45  92 |
|  34  29  83  47  30 115  82  59  42  85   2 |  11  49 101  73  10 107  31  77 102  76  53 |  88 103   4 111  13  52   1   7 104  39 121 | 106  63   9  25   8  89  40  75  15  57  26 |  97 105  33  51  79  21   5 116  22  48  54 |  19  95  24  36  92  18  45  72  99  37  16 |  78  65 113  55  20  84  60  98  61  69 112 |  71 119  44  38  50  91  32  62   6  70  90 | 120  12  35 118  93  81  14  64  17  23  66 | 108   3 114  27  46  80  67  96 100 117  87 |  58 110  28  74  94  41  68  43 109  86  56 |
|  14  17 118  23  64  66 120  35  93  81  12 |  69  61  55  60 113  84 112  65  78  20  98 | 109  43  86  41  58  68  28 110  56  74  94 |   2  34  83  42  47 115  30  82  29  85  59 |   1  52  39 111   4  88 121   7  13 104 103 |  46 114  80 108   3  27  96  87 117 100  67 |  16  24  19  37  92  72  99  45  95  18  36 |  11  73 102  76  10 101  53  77  31  49 107 |  71  50  91  90  62  70  44 119   6  38  32 |   5  48  33  22 105 116  21  79  97  54  51 |  75  25  26  57  15   9 106  40  63  89   8 |
| 109  94  41  56  43  86  58  28 110  74  68 | 120  81  35  64  12 118  17  93  14  23  66 |  67 117  96  87  27  46 100  80   3 114 108 |  52  88 111   7 104   4 103  13 121  39   1 |  37  19  95  72  45  16  36  24  18  92  99 |  10  49  77  31  76  11  53 107  73 101 102 |  44  62  50  91  38  90 119  32  70  71   6 |  82  30  34  47   2  59 115  42  29  85  83 |  75 106  26   9  25  57  63  40  15   8  89 | 112  20  61  69 113  65  78  98  55  60  84 |  22 116  97  33   5  51 105  54  21  79  48 |
|  67 108  87   3 117  96  27 100  80 114  46 |  58  74  28  43  68  41  94 110 109  56  86 | 102  73  53 107  11  10 101  77  76  49  31 |  19  16  72  24  92  45  99  18  36  95  37 |  91  50  70  90  32  44   6  62  71  38 119 |   2  85  42  29  47  82 115  83  30  59  34 |  63  25 106  26   8   9  40  89  57  75  15 |  13 103  88 104  52   1   4   7 121  39 111 |  22 105  97  51 116  33  21  54   5  48  79 |  17  23  81 120  12  93  14  66  35  64 118 |  69  65  55  61 112  84 113  60  78  98  20 |
|  16  36  72  92  99  45  18  37  24  95  19 |  13  39   1 103  52 111 121   7  88 104   4 |  44 119  32  90  71  50  91  62  38  70   6 | 113  78  84  65  20  98  60  69 112  61  55 |  35  12  81 118  66  14  17  93 120  23  64 | 106  57  25  15   8  75  89   9  40  26  63 | 109 110  68  28  56  41  43  86  74  58  94 |  22  54  21  48 105  97  79 116   5  33  51 |  27  46 100  87  80 114  67 117 108   3  96 |  29  47  85  82   2  42  34 115  59  30  83 |  11  77 101  49  31 107  10  73 102  53  76 |
|  63  15   9   8  40  89  75  26  25  57 106 |  71  70  91 119  50  90   6  62  44  38  32 |  21  54  79  51  22 105  97 116  48  33   5 |  68 109  41 110  56  86  43  58  94  74  28 | 100  46 114  87  96  67 108  80  27   3 117 | 113  61  65 112  20  69  98  84  60  55  78 | 102  77  10 101  76 107  73  53  49  11  31 | 120  64  14  23  12  35  66  93  17  81 118 |  82   2  59  83  42  85  34  30  29  47 115 |  36  92  95  18  19  24  16  45  37  99  72 |  13   7   1  39 121 111  52 103  88   4 104 |
+---------------------------------------------+---------------------------------------------+---------------------------------------------+---------------------------------------------+---------------------------------------------+---------------------------------------------+---------------------------------------------+---------------------------------------------+---------------------------------------------+---------------------------------------------+---------------------------------------------+
|  84  20  55  61  98  65  17 113  78  60  69 | 112  54 105  79  22  97  48  21  51  33 116 | 118  66  93  35  94 120  12  14  81  64  23 |  11 107 101 102  49  77  53  29  76  73  10 |   2  82  30  59  42  83  47  34 121  85 115 |  58  43 109  56  74 108 110  28  86  68  41 | 111  88  13  52  39   1   4   7 103  36 104 |  31  96  87 114  27  46  80  67   3 117 100 |   6  18  19  37  16  99  72  45  92  95  24 |   8  57  40   5  75  63   9  25 106  89  26 |  15  44  50 119  38  91  71  32  90  62  70 |
|  90  38  91  70  32  62  15  50  44 119  71 |   6  99  19  45  18  37  92  16  72  95  24 |   9  89  25  26   5  75 106  63  57  40   8 | 120 118  35  14  81  93  66  94  23  64  12 |  68  58  43  28 110  41  56 109 108  74  86 |  22  54  21  48  33 112 116  97  79 105  51 |  87  67  27  46 114 100  96  80 117  31   3 |  17  98  84  61  69 113  65  78  20  60  55 |  29  11  10 101 102  73 107  53  76  49  77 | 104  39 103  36  13  88 111   7  52   4   1 | 121  34   2  30  47  59  82 115  83  42  85 |
| 118  23  35  81  66  93  94  12  14  64 120 |  17  60 113  98  69  55  20  78  84  61  65 |  41  86 110  28 108  58  68 109  74  43  56 |  82  83  59  34  85  42 115 121  47  30   2 |  52  13 103   1   7 111 104  88  36  39   4 |  27 117  67   3 114  31  80 100  96  46  87 |  72  16  18  19  95  37  45  24  99   6  92 |  29  53 107  49  11  10  77 102  76  73 101 |  15  71  50  91  44 119  90  32  38  70  62 |  48  33  54 112  22  21  51 116 105  79  97 |   5  63 106  40   8  26  75  89   9  25  57 |
|  51  48  97  33  79 116 112 105  21  54  22 |   5  40 106  89  75  26   8  63   9  57  25 |  84  98  65  55  17  69 113  78  61  60  20 |  27  87 100  67 114  80  96  31   3 117  46 |  10  11  73 101  77 107  76 102  29  49  53 | 120  64  14  23  81  94  93  35  66  12 118 |  83  34  82   2  85  59 115  42  30 121  47 | 108  86  41  74  58  68 110 109  56  43  28 |  36  13  52   1  88 103 111   4 104  39   7 |  38  70 119  15  71  44  90  62  50  32  91 |   6  16  19  99  92  37  18  45  72  24  95 |
|   9   8  26  57  89  25   5 106  63  40  75 |  15 119  50  32  71  91  38  44  90  70  62 |  51  79 116  97 112  22 105  21  33  54  48 |  58  41  28 109  74 110  86 108  56  43  68 |  46  27 117 100  80  87   3  67  31 114  96 |  69  60  78  20  61  17  65  55  98 113  84 | 107 102  11  10  49 101  53  77  73  29  76 |  94  66 118  81 120  12  93  14  23  64  35 | 121  82   2  59  34  30  83 115  47  85  42 |  92  95  99   6  18  16  72  24  19  45  37 |  36  88  52 103 104   1  13   4 111   7  39 |
| 107  76 101  49  53  77  29  10 102  73  11 |  31 117  46  96  27 100   3  67  87 114  80 |  83 115  42  59 121  82   2  34  85  30  47 |  71  90  91  44  70  62  32  15  38 119  50 | 106  75  40  26  25   9   8  63   5  57  89 |  13 103  88 104  39  36   7   1   4  52 111 |  51  21  22 105  33  97  79 116  54 112  48 |   6  45  72  95  18  19  24  16  92  99  37 |  17  69 113  55  78  60  84  98  20  61  65 |  56  74  43 108  58 109  41 110  68  86  28 |  94  14  12  64  23  35 120  66 118  93  81 |
| 111 104   1  39   4   7  36  52  88 103  13 | 121  30   2 115  82  59  47  34  83  85  42 |  72  45  24  37   6  18  19  16  95  99  92 |  22  51  97  21  33 116  79 112  48  54 105 | 113  69  60  55  65  84  20  78  17  61  98 |  71 119  44  38  70  15  62  91  32  50  90 | 118  14 120  12  81  35  66  93  64  94  23 |   5  89   9  57  75 106  25  63   8  40  26 | 108  58  68  28 109  43  41  86  56  74 110 |  76  49  73  29  11 102 107  77  10  53 101 |  31  67  46 117   3 100  27  96  87  80 114 |
|  83  47  59  85 115  42 121   2  34  30  82 |  29  73  10  53  11 101  76 102 107  49  77 | 111   4   7   1  36  13  52  88  39 103 104 |  75   9  26  63  57  25  89   5   8  40 106 | 105  22  54  97 116  51  48  21 112  33  79 |  18  99  16  92  95   6  24  37  45  19  72 |  84  78  69 113  61  55  98  65  60  17  20 |  15  32  90  70  71  50  62  44  38 119  91 |  94 120  12  35  14  64 118  66  23  81  93 |   3 114 117  31  27  67  87  80  46  96 100 | 108 109  68  43  56  28  58  86  41 110  74 |
|  87   3 100 114  96  80  31  46  67 117  27 | 108  43  68  86  58  28  56 109  41  74 110 | 107  53  77 101  29  11  10 102  49  73  76 |  18  72  37  16  95  24  45   6  92  99  19 |  50  71 119  91  62  90  38  44  15  70  32 |  82  30  34  47  85 121  42  59 115   2  83 |   9  63  75 106  57  26  89  25  40   5   8 |  36   4 111  39  13  52   7  88 104 103   1 | 112  22 105  97  21  54  51  79  48  33 116 |  23  81  64  94 120  14 118  93  12  66  35 |  17  78 113  60  20  55  69  98  84  65  61 |
|  41  56  28  74  86 110 108  68 109  43  58 |  94  64  12  66 120  35  23  14 118  81  93 |  87  96  80 100  31  27  46  67 114 117   3 |  13 111   1  88  39   7   4  36 104 103  52 |  19  18  99  37  24  72  92  16   6  95  45 |  11  73 102  76  49  29  77 101  53  10 107 |  90  44  71  50  70  91  32  62 119  15  38 | 121 115  83  85  82   2  42  34  47  30  59 |   5  75 106  26  63  40   9  89   8  57  25 |  20  61  60  17  69  78  84  65 113  98  55 | 112  21 105  54  48  97  22  79  51 116  33 |
|  72  92  37  95  45  24   6  19  16  99  18 |  36 103  52   4  13   1 104  88 111  39   7 |  90  32  62  91  15  71  50  44  70 119  38 |  69  84  55  78  61  65  98  17  20  60 113 |  12 120  64  35  93 118  23  14  94  81  66 |  75  40  63   8  57   5  25  26  89 106   9 |  41 109  58  68  74  28  86 110  43 108  56 | 112  79  51  33  22 105 116  21  48  54  97 |  31  27  46 100  67 117  87  96   3 114  80 |  47  85  30 121  82  34  83  42   2 115  59 |  29 102  10  73  76 101  11  53 107  77  49 |
+---------------------------------------------+---------------------------------------------+---------------------------------------------+---------------------------------------------+---------------------------------------------+---------------------------------------------+---------------------------------------------+---------------------------------------------+---------------------------------------------+---------------------------------------------+---------------------------------------------+
|  45  52  24  13  92  95  37  16  99  36  72 |   1 121  88 104 111   7   2 103   4  82  39 |  32  38  70  62  91  90  44 119  18   6  19 |  84  98  65  60  22  61  20  55 105 112  78 |  14 118  17  93  81  66 113  64  35  69  23 |   9  15  40  50  71  26  57  25   8  63  89 |  86  43  41 109 120 110  56  74  94  28  12 |  97  48  79  75  51  21  33  54 106   5 116 | 100  87  67  80 117 108  96   3  68  58 114 |  10  11  29  59  83  30 115  85  34  47  42 | 101  73 102  31  46  77 107  76  53  49  27 |
|  66 113  93  69  23  81  35  14  64  17 118 |  55 112  78  20  84  65 105  60  98  22  61 |  86  56  74 110  28  41 109  43 120  94  12 |  83 115  42  30  11  85  47  59  10  29  34 |  88 111 121   7  39   4   2 103   1  82 104 |  87 108 117  68  58 100 114  80   3  67  96 |  45  99  72  16  13  24  92  95  36  37  52 | 101  76  53  27 107 102  49  73  46  31  77 |  91  90  44  62 119   6  32  38  19  18  70 | 106  75   5  97  51  54  79  33  21  48 116 |  26  40  63  15  50  25   9   8  89  57  71 |
| 115  10  42  11  47  85  59  34  30  29  83 | 101  31 102  76 107  77  46  73  53  27  49 |   4 104  39   7   1 111  88 103  82 121   2 |   9  89  25  40  71  57   8  26  50  15  63 |  21  51   5 116  33  79 106  54  97  75  48 |  72  36  99  52  13  37  95  24  92  16  45 |  98  60  84  78  22  65  20  61 112  55 105 |  91  38  32  18  90  44  70 119  19   6  62 |  35 118  14  93  64  17  66  23 113  69  81 |  68  58 108 100  87 117  96 114  67   3  80 |  28  43 109  94  12 110  41  56  86  74 120 |
|   4   2   7  82 104  39   1  88 103 121 111 |  59  29  34  47  83  42  10  30 115  11  85 |  45  92  95  24  37  72  16  99  13  36  52 |  51  79 116  54  75  33  48  97 106   5  21 |  78  84 112  65  61  98 105  60  55  22  20 |  90   6 119  19  18  91  70  62  38  44  32 |  66  64 118  14  69  93  23  81  17  35 113 |  26   8  89  71   9  63  57  40  50  15  25 |  28  41 109 110  43  94  86  56  12 120  74 |  46  27  31 101 107  73  53  49 102  76  77 | 100 117  67 108  68  80  87   3  96 114  58 |
|  79 106 116  75  48  33  97  21  54   5  51 |  26  15  63   8   9  25  50  40  89  71  57 |  98  20  61  65  55  84  78  60  22 112 105 |  87  96  80 117  58 114   3 100  68 108  67 | 102 107  31  77  49  53  46  73 101  27  76 | 118  17  64 113  69  35  81  93  23  14  66 | 115  30  83  34  11  42  47  85  29  59  10 |  28  56  86 120  41 109  74  43  12  94 110 |   1 111  88   7 103 121   4 104   2  82  39 |  19  18   6  91  90 119  32  70  44  38  62 |  37  99  16  36  52  24  72  92  45  95  13 |
|  32  19  62  18  38  70  91  44 119   6  90 |  37  36  16  92  72  24  52  99  45  13  95 |  89   8  57  25  26   9  63  40  71  15  50 | 118  66  93  64  69  81  23  35 113  17  14 | 109  41  94 110  74  86  12  43  28 120  56 |  51   5  54 106  75  97  33 116  48  21  79 |  96 117  87  67  58  80   3 114 108 100  68 |  55  20  98  22  84  78  61  60 105 112  65 | 101 107 102  77  73  31  53  76  46  27  49 |   2  82 121   1 111 103   4  39  88 104   7 |  59  30  34  29  10  42  83  47 115  85  11 |
|  53  46  77  27  76  49 101 102  73  31 107 | 100 108  67   3  87  80  68 117  96  58 114 | 115  47  85  42  59  83  34  30  11  29  10 |  90  32  62 119  18  70  38  91  19   6  44 |  63   9  15  25  57  89  50  40  26  71   8 | 111 121 103   2  82   1  39   7 104  88   4 |  79  54  51  21  75 116  48  33   5  97 106 |  37  92  45  13  72  16  95  99  52  36  24 |  55  84  78  65  60 112  98  20 105  22  61 |  12 120  94  28  41  43  86  74 109  56 110 |  35  64  14  17 113  93 118  23  66  81  69 |
|  96  68  80  58   3 114 100  67 117 108  87 |  28  94 109  56  41 110  12  43  86 120  74 |  53  76  49  77 101 107 102  73  27  31  46 |  72  45  24  99  13  95  92  37  52  36  16 |  44  90   6  62  70  32  19 119  91  18  38 |  83  29  30  10  11  59  85  42  47  34 115 |  89  40   9  63  71  25   8  57  15  26  50 |   1 104   4  82 111  88  39 103   2 121   7 |  97  51  21 116  54   5  79  48 106  75  33 | 113  69  17  35 118  64  66  81  14  23  93 |  55  60  78 112 105  65  84  20  98  61  22 |
|  86  12 110 120  56  74  28 109  43  94  41 |  35  17  14  23 118  93 113  64  66  69  81 |  96   3 114  80 100  87  67 117  58 108  68 | 111   4   7 103  82  39 104   1   2 121  88 |  16  72  36  24  95  45  52  99  37  13  92 | 107  31  73  46  27 101  49  77  76 102  53 |  32 119  90  44  18  62  38  70   6  91  19 |  59  47 115  11  83  34  85  30  10  29  42 |  26   9  63  25  40  15  89   8  50  71  57 | 105  22 112  55  84  60  98  61  78  20  65 |  97  54  21   5 106 116  51  48  79  33  75 |
|  89  50  25  71   8  57  26  63  40  15   9 |  91   6  44  38  90  62  19 119  32  18  70 |  79  48  33 116  97  51  21  54  75   5 106 |  41  86 110  43 120  74  56  28  12  94 109 |  67  87 108  80 114  96  68 117 100  58   3 |  84 112  60 105  22  55  61  65  20  78  98 |  53  73 107 102  27  77  76  49  31 101  46 |  35  23  66  69 118  14  81  64 113  17  93 |  59  83  34  42  30  29 115  47  10  11  85 |  52  13  36  37  72  99  45  95  16  92  24 |   1 103  88 121   2   7 111 104   4  39  82 |
|  98 105  65  22  20  61  55  78  60 112  84 |  97   5  21  48  51 116 106  54  79  75  33 |  66  23  81  93  35 118  14  64  69  17 113 | 107  53  77  73  27  49  76 101  46  31 102 |  34  83  29  42  85 115  10  30  59  11  47 |  41  94  43  12 120  28  74 110  56 109  86 |   4 103 111  88  82   7 104  39 121   1   2 | 100   3  96  58  87  67 114 117  68 108  80 |  37  72  16  24  99  36  45  92  52  13  95 |  50  71  15  26   9  40  89  57  63   8  25 |  91 119  44   6  19  62  90  38  32  70  18 |
+---------------------------------------------+---------------------------------------------+---------------------------------------------+---------------------------------------------+---------------------------------------------+---------------------------------------------+---------------------------------------------+---------------------------------------------+---------------------------------------------+---------------------------------------------+---------------------------------------------+
