+-------------------------+-------------------------+-------------------------+-------------------------+-------------------------+-------------------------+-------------------------+-------------------------+
| 54 64 17 27 37 59 60 34 | 32 42  2 12 46 62 51 26 |  8  6 55 16 52 36 20  1 | 13 50  5 22 56 19 57 23 | 25 48 21 18  7 31  3 38 | 14 33 10 63 28 45  9 58 | 29 11 15 47 40 61 24  4 | 35 43 53 39 44 49 41 30 |
| 12 51 26 32 46 42  2 62 |  7 48 21 25 18  3 38 31 | 29 47  4 15 24 11 40 61 | 10 58 45 28  9 63 33 14 | 19 50 13  5 23 57 56 22 | 35 44 41 30 43 53 49 39 | 27 59 34 37 54 17 60 64 |  8 55  6 36  1 16 52 20 |
| 20 55  1  8  6 36 52 16 | 29 11 24 40 47 15  4 61 | 14 45 28  9 10 58 63 33 |  2 42 46 51 62 12 26 32 | 54 59 60 37 27 17 34 64 |  7 31 21 25 38 18  3 48 | 35 39 49 53 30 44 41 43 | 23 22  5 50 57 56 13 19 |
| 40  4 61 29 47 11 24 15 | 27 59 60 54 37 34 64 17 | 35 53 43 49 41 39 30 44 | 21 48 18 38  3 25 31  7 | 12 42  2 46 32 26 62 51 | 23 57 13 19 22  5 56 50 |  8 36 16  6 20  1 52 55 | 14 28 45 58 33  9 10 63 |
| 25 38 31  7 18 48 21  3 | 23 50 13 19  5 56 22 57 | 27 37 64 34 60 59 54 17 | 41 39 53 43 49 30 44 35 | 63 58 10 45 14 33  9 28 |  8  1 52 20 55  6 16 36 | 32 42 62 46 12 26  2 51 | 29  4 47 11 61 15 24 40 |
| 63 28 33 14 45 58 10  9 | 35 39 41 30 53 49 43 44 |  7 18 38  3 21 48 25 31 | 24 11 47  4 15 40 61 29 | 20 36 52  6  8  1 16 55 | 27 17 60 54 64 37 34 59 | 23 50 56  5 19 57 13 22 | 32 51 46 42 26 62  2 12 |
| 30 43 44 35 53 39 41 49 |  8 36 52 20  6 16 55  1 | 23  5 22 56 13 50 19 57 | 60 59 37 64 34 54 17 27 | 40 11 24 47 29 61 15  4 | 32 26  2 12 51 46 62 42 | 14 58  9 45 63 33 10 28 |  7 38 18 48 31  3 21 25 |
| 19 22 57 23  5 50 13 56 | 14 58 10 63 45  9 28 33 | 32 46 51 62  2 42 12 26 | 52 36  6 55 16 20  1  8 | 30 39 41 53 35 44 49 43 | 29 61 24 40  4 47 15 11 |  7 48  3 18 25 31 21 38 | 27 64 37 59 17 34 60 54 |
+-------------------------+-------------------------+-------------------------+-------------------------+-------------------------+-------------------------+-------------------------+-------------------------+
| 39 44 35 21 25 49 43 53 | 13 16 55 36 19  6  1  8 | 60 54 57  5 22 56 50 23 | 64 34 30 17 37 59 27 41 | 11 15  4 63 10 29 47 61 | 52 32 51 42 26 20 46 62 |  2  9 45 12 58 14 28 33 | 24 31 40  3  7 18 38 48 |
| 36  1  8 13 19 16 55  6 | 10 15  4 11 63 47 61 29 |  2 12 33 45 28  9 58 14 | 51 62 20 26 46 42 32 52 | 59 34 64 30 41 27 37 17 | 24  7 38 48 31 40 18  3 | 21 49 53 25 39 35 43 44 | 60 57 54 56 23  5 22 50 |
| 58 33 14  2 12  9 28 45 | 21 49 43 39 25 53 44 35 | 24 40 31 18 38  3 48  7 |  4 15 63 61 47 11 29 10 | 36 16 55 19 13  8  6  1 | 41 27 64 59 17 30 37 34 | 60 56  5 54 50 23 22 57 | 52 26 20 62 32 46 51 42 |
| 11 61 29 10 63 15  4 47 | 41 34 64 59 30 37 17 27 | 21 25 44 53 43 49 39 35 | 38  3 40 31 18 48  7 24 | 42 62 51 20 52 32 46 26 | 60 23 22 50 57 54  5 56 | 13 16  6 19 36  8 55  1 |  2 33 12  9 14 45 28 58 |
| 42 26 32 52 20 62 51 46 | 24  3 38 48 40 18 31  7 | 10 63 61 47  4 15 11 29 | 28  9 12 33 45 58 14  2 | 50 56 22 54 60 23  5 57 | 21 35 43 39 44 25 53 49 | 41 34 37 30 59 27 64 17 | 13  1 19 16  8  6 55 36 |
| 48 31  7 24 40  3 38 18 | 60 56 22 50 54  5 57 23 | 41 30 17 37 64 34 59 27 | 43 49 25 44 53 39 35 21 | 58  9 28 12  2 14 45 33 | 13  8 55 36  1 19  6 16 | 52 62 46 20 42 32 51 26 | 10 61 63 15 29 47  4 11 |
| 50 57 23 60 54 56 22  5 |  2  9 28 58 12 45 33 14 | 52 20 26 46 51 62 42 32 | 55 16 19  1  6 36  8 13 | 39 49 43 25 21 35 53 44 | 10 29  4 11 61 63 47 15 | 24  3 18 40 48  7 38 31 | 41 17 30 34 27 37 64 59 |
| 59 17 27 41 30 34 64 37 | 52 62 51 42 20 46 26 32 | 13 19  1  6 55 16 36  8 | 22 56 54 57  5 50 23 60 | 48  3 38 40 24  7 18 31 |  2 14 28 58 33 12 45  9 | 10 15 47 63 11 29  4 61 | 21 44 25 49 35 53 43 39 |
+-------------------------+-------------------------+-------------------------+-------------------------+-------------------------+-------------------------+-------------------------+-------------------------+
| 37 41 43 44 49 30 27 39 |  1 20 32 46 16 36 52 55 | 57 56 13 50  8 19  6 22 | 23 54 34 60 59  5 64 17 | 18 40  7 15 61  4 11 24 | 26 51 14 45  2 62 42 12 | 33 63 58  9 47 28 29 10 | 31 21  3 25 38 48 35 53 |
| 46 52 55  1 16 20 32 36 | 61 40  7 18 15 11 24  4 | 33  9 10 58 29 63 47 28 | 14 12 62  2 42 45 51 26 |  5 54 23 34 17 64 59 60 | 31 38 35 53 21  3 48 25 | 44 30 39 49 37 43 27 41 | 57 13 56 19 22 50  8  6 |
| 53 21 38 31  3 25 35 48 | 57 19  8  6 56 50 13 22 | 17 34 60 59 23 54  5 64 | 27 30 49 41 39 37 43 44 | 47 63 29  9 33 28 58 10 |  1 55 32 46 52 16 36 20 | 26 12 42 62 45 51 14  2 | 61 24 15 40  4 11  7 18 |
| 18 24  4 61 15 40  7 11 | 17 54 23  5 34 59 60 64 | 44 49 41 39 27 30 37 43 | 35 25  3 21 48 53 38 31 | 45 12 14 62 26 51 42  2 | 57 22  8  6 13 56 50 19 |  1 20 36 16 46 55 32 52 | 33 10  9 63 28 58 29 47 |
| 47 10 28 33  9 63 29 58 | 44 30 27 37 49 39 41 43 | 31  3 21 48 35 25 53 38 |  7 40 15 24 11 18  4 61 | 46 20 32 16  1 55 36 52 | 17 64 23  5 60 34 59 54 | 57 19 50 56  6 22  8 13 | 26  2 62 12 51 42 14 45 |
| 45  2 51 26 62 12 14 42 | 31 25 35 53  3 48 21 38 | 61 15 24 11  7 40 18  4 | 29 63  9 10 58 47 28 33 |  6 19  8 56 57 22 50 13 | 44 43 27 37 41 49 39 30 | 17 54 59 34  5 64 23 60 |  1 52 16 20 55 36 32 46 |
|  5 60 64 17 34 54 23 59 | 26 12 14 45 62 42  2 51 |  1 16 52 36 32 20 46 55 |  8 19 56 13 50  6 22 57 | 53 25 35  3 31 38 48 21 | 33 28 29 47 10  9 58 63 | 61 40 11 15 18  4  7 24 | 44 41 49 30 43 39 27 37 |
|  6 13 22 57 56 19  8 50 | 33 63 29 47  9 58 10 28 | 26 62  2 42 14 12 45 51 | 32 20 16 52 36 46 55  1 | 37 30 27 49 44 43 39 41 | 61  4  7 18 24 15 11 40 | 31 25 48  3 53 38 35 21 | 17 60 34 54 64 59 23  5 |
+-------------------------+-------------------------+-------------------------+-------------------------+-------------------------+-------------------------+-------------------------+-------------------------+
| 44 25 48  3 38 35 53 21 | 56  8  6  1 22 13 19 50 | 34 64 54 60  5 23 57 59 | 37 27 43 30 41 17 39 49 | 61 29 47 28  9 58 10 63 | 16 36 46 26 20 55 52 32 | 62 14  2 51 33 42 45 12 | 15 40  4  7 11 24 18 31 |
| 17 30 39 49 43 27 37 41 | 16 32 46 26 55 52 20 36 | 56 22 19 13  6  8  1 50 |  5 23 64 54 60 57 59 34 | 31  7 18  4 15 11 24 40 | 62 42 45 33 12 51  2 14 |  9 29 10 28 61 58 47 63 |  3 25 38 35 48 21 53 44 |
| 57 54 59 34 64 23  5 60 | 62 14 45 33 51  2 12 42 | 16 55 20 52 46 32 26 36 |  6  8 22 19 13  1 50 56 | 44 35 53 38  3 48 21 25 |  9 58 47 61 63 28 10 29 | 15  7 24  4 31 11 18 40 | 49 30 43 27 39 41 37 17 |
|  1 19 50 56 22  8  6 13 |  9 29 47 61 28 10 63 58 | 62 51 12  2 45 14 33 42 | 46 32 55 20 52 26 36 16 | 17 27 37 43 49 39 41 30 | 15 11 18 31 40  4 24  7 |  3 35 21 38 44 48 53 25 | 34 54 64 23 59 60  5 57 |
| 26 20 36 16 55 32 46 52 | 15  7 18 31  4 24 40 11 |  9 28 63 10 47 29 61 58 | 45 14 51 12  2 33 42 62 | 57 23  5 64 34 59 60 54 |  3 48 53 44 25 38 21 35 | 49 27 41 43 17 39 37 30 | 56 19 22  8 50 13  6  1 |
| 61 63 58  9 28 29 47 10 | 49 27 37 17 43 41 30 39 |  3 38 25 21 53 35 44 48 | 18  7  4 40 24 31 11 15 | 26 32 46 55 16 36 52 20 | 34 59  5 57 54 64 60 23 | 56  8 13 22  1 50  6 19 | 62 12 51 14 42  2 45 33 |
| 33 12 42 62 51 14 45  2 |  3 35 53 44 38 21 25 48 | 15  4 40 24 18  7 31 11 | 47 29 28 63 10 61 58  9 |  1  8  6 22 56 50 13 19 | 49 39 37 17 30 43 41 27 | 34 23 60 64 57 59  5 54 | 16 20 55 32 36 52 46 26 |
| 31 40 11 15  4  7 18 24 | 34 23  5 57 64 60 54 59 | 49 43 30 41 37 27 17 39 | 53 35 38 25 21 44 48  3 | 33 14 45 51 62 42  2 12 | 56 50  6  1 19 22 13  8 | 16 32 52 55 26 36 46 20 |  9 63 28 29 58 10 47 61 |
+-------------------------+-------------------------+-------------------------+-------------------------+-------------------------+-------------------------+-------------------------+-------------------------+
|  2 62 46 20 32 51 42 26 | 40 38 48 21  7 31  3 18 | 63 29 15 61 11  4 24 47 | 58 28 14  9 33 10 45 12 | 13 22 50 23 54  5 57 56 | 25 53 39 41 49 35 44 43 | 30 64 17 27 60 37 59 34 | 19 16  8 55  6  1 36 52 |
| 52 16  6 19  8 55 36  1 | 63  4 11 24 29 61 15 47 | 12 14  9 33 58 28 10 45 | 42 51 32 62 26  2 46 20 | 60 64 59 27 30 37 17 34 | 40 18 48 21  3  7 31 38 | 25 43 44 35 41 53 39 49 | 54 56 23 22  5 57 50 13 |
| 41 49 53 25 35 43 39 44 | 19 55 36 52  8  1 16  6 | 54 23 56 57 50 22 13  5 | 59 64 27 34 17 60 37 30 | 24  4 11 29 63 47 61 15 | 20 46 42  2 62 32 26 51 | 12 28 33 14 10 45 58  9 | 40  3  7 38 18 31 48 21 |
| 10  9 45 12 14 28 58 33 | 25 43 39 41 35 44 49 53 | 40  7  3 31 48 38 21 18 | 11  4 29 15 61 24 47 63 | 52 55 36  8 19  6  1 16 | 30 37 59 60 34 27 17 64 | 54 22 57 23 13  5 50 56 | 20 62 32 51 46 26 42  2 |
| 21  3 18 40  7 38 48 31 | 54 22 50 13 23 57 56  5 | 30 27 34 17 59 64 60 37 | 39 43 35 49 44 41 53 25 | 10 28 58 14 12 45 33  9 | 19  6 36 52 16  8  1 55 | 20 51 26 32  2 46 42 62 | 63 15 29  4 47 61 11 24 |
| 13 56  5 54 23 22 50 57 | 12 28 58 10 14 33  9 45 | 20 32 62 26 42 51  2 46 | 36 55  8 16  1 52  6 19 | 41 43 39 35 25 53 44 49 | 63 47 11 24 15 29 61  4 | 40 38 31  7 21 18 48  3 | 30 34 27 64 37 17 59 60 |
| 60 34 37 30 27 64 59 17 | 20 51 42  2 32 26 62 46 | 19  8 16  1 36 55 52  6 | 50 22 23 56 57 13  5 54 | 21 38 48  7 40 18 31  3 | 12 45 58 10  9 14 33 28 | 63  4 61 29 24 47 11 15 | 25 49 35 43 53 44 39 41 |
| 24 15 47 63 29  4 11 61 | 30 64 59 60 27 17 34 37 | 25 35 49 44 39 43 41 53 | 48 38  7  3 31 21 18 40 |  2 51 42 32 20 46 26 62 | 54  5 50 13 56 23 57 22 | 19 55  1  8 52  6 36 16 | 12  9 14 28 45 33 58 10 |
+-------------------------+-------------------------+-------------------------+-------------------------+-------------------------+-------------------------+-------------------------+-------------------------+
| 28 45 12 42  2 33  9 14 | 48 44 49 43 21 35 53 25 | 11 24 18  7  3 31 38 40 | 15 61 10 47 29  4 63 58 | 55  1 16 13 50 19  8  6 | 39 30 34 64 37 41 27 17 | 59 57 23 60 22 54 56  5 | 36 46 52 26 20 32 62 51 |
| 38 18 40 11 24 31  3  7 | 59 57 56 22 60 23  5 54 | 39 41 37 27 34 17 64 30 | 49 44 21 53 35 43 25 48 | 28 33  9  2 42 12 14 45 | 50 19 16 55  6 13  8  1 | 36 26 32 52 51 20 62 46 | 58 47 10 61 63 29 15  4 |
| 22  5 54 59 60 57 56 23 | 42 33  9 28  2 14 45 12 | 36 52 46 32 62 26 51 20 | 16  1 13  6  8 55 19 50 | 43 44 49 21 48 25 35 53 | 58 63 15  4 47 10 29 61 | 11 31  7 24 38 40  3 18 | 39 37 41 17 30 27 34 64 |
| 51 46 20 36 52 26 62 32 | 11 31  3 38 24  7 18 40 | 58 10 47 29 15 61  4 63 |  9 33  2 45 14 28 12 42 | 22 57 56 60 59 54 23  5 | 48 25 49 43 53 21 35 44 | 39 17 27 41 64 30 34 37 | 50  6 13  1 19  8 16 55 |
| 43 53 25 48 21 44 49 35 | 50  1 16 55 13  8  6 19 | 59 60  5 23 56 57 22 54 | 34 17 41 37 27 64 30 39 |  4 61 15 10 58 63 29 47 | 36 20 62 51 46 52 32 26 | 42 33 14  2 28 12  9 45 | 11 18 24 31 40  7  3 38 |
|  4 47 63 58 10 61 15 29 | 39 17 34 64 41 27 37 30 | 48 21 53 35 49 44 43 25 |  3 31 24 18  7 38 40 11 | 51 26 62 52 36 20 32 46 | 59 54 56 22  5 60 23 57 | 50  1  8 13 55 19 16  6 | 42 45  2 33 12 14  9 28 |
| 64 37 30 39 41 17 34 27 | 36 26 62 51 52 32 46 20 | 50 13  6  8 16  1 55 19 | 56 57 60  5 23 22 54 59 | 38 31  3 24 11 40  7 18 | 42 12  9 28 45  2 14 33 | 58 61 29 10  4 63 15 47 | 48 53 21 44 25 35 49 43 |
| 55  6 19 50 13  1 16  8 | 58 61 15  4 10 29 47 63 | 42  2 45 14  9 33 28 12 | 62 26 52 46 32 51 20 36 | 64 17 34 41 39 30 27 37 | 11 40  3 38 18 24  7 31 | 48 44 35 21 43 25 49 53 | 59  5 60 57 54 23 56 22 |
+-------------------------+-------------------------+-------------------------+-------------------------+-------------------------+-------------------------+-------------------------+-------------------------+
| 62 32 52 55 36 46 26 20 |  4 18 31  3 11 40  7 24 | 28 58 29 63 61 47 15 10 | 33 45 42 14 12  9  2 51 | 56  5 57 59 64 60 54 23 | 38 21 44 49 35 48 25 53 | 43 37 30 39 34 41 17 27 | 22  8 50  6 13 19  1 16 |
|  9 14  2 51 42 45 33 12 | 38 53 44 49 48 25 35 21 |  4 11  7 40 31 18  3 24 | 61 47 58 29 63 15 10 28 | 16  6  1 50 22 13 19  8 | 43 41 17 34 27 39 30 37 | 64  5 54 59 56 60 57 23 | 55 32 36 46 52 20 26 62 |
|  3  7 24  4 11 18 31 40 | 64  5 57 56 59 54 23 60 | 43 39 27 30 17 37 34 41 | 44 53 48 35 25 49 21 38 |  9 45 33 42 51  2 12 14 | 22 13  1 16  8 50 19  6 | 55 46 20 36 62 52 26 32 | 28 29 58 47 10 63 61 15 |
| 56 23 60 64 59  5 57 54 | 51 45 33  9 42 12 14  2 | 55 36 32 20 26 46 62 52 |  1  6 50  8 19 16 13 22 | 49 53 44 48 38 21 25 35 | 28 10 61 15 29 58 63 47 |  4 18 40 11  3 24 31  7 | 43 27 39 37 41 30 17 34 |
| 34 27 41 43 39 37 17 30 | 55 46 26 62 36 20 32 52 | 22 50  8 19  1  6 16 13 | 57  5 59 23 54 56 60 64 |  3 18 31 11  4 24 40  7 | 51  2 33  9 14 42 12 45 | 28 47 63 58 15 10 61 29 | 38 35 48 53 21 25 44 49 |
| 49 35 21 38 48 53 44 25 | 22  6  1 16 50 19  8 13 | 64 59 23 54 57  5 56 60 | 17 37 39 27 30 34 41 43 | 15 47 61 58 28 10 63 29 | 55 52 26 62 32 36 20 46 | 51 45 12 42  9  2 33 14 |  4  7 11 18 24 40 31  3 |
| 16  8 13 22 50  6  1 19 | 28 47 61 15 58 63 29 10 | 51 42 14 12 33 45  9  2 | 26 46 36 32 20 62 52 55 | 34 37 17 39 43 41 30 27 |  4 24 31  3  7 11 40 18 | 38 53 25 48 49 21 44 35 | 64 23 59  5 60 54 57 56 |
| 15 29 10 28 58 47 61 63 | 43 37 17 34 39 30 27 41 | 38 48 35 25 44 53 49 21 | 31 18 11  7 40  3 24  4 | 62 46 26 36 55 52 20 32 | 64 60 57 56 23 59 54  5 | 22  6 19 50 16 13  1  8 | 51 14 42 45  2 12 33  9 |
+-------------------------+-------------------------+-------------------------+-------------------------+-------------------------+-------------------------+-------------------------+-------------------------+
| 29 58  9 45 33 10 63 28 | 53 41 30 27 44 43 39 49 | 18 31 48 38 25 21 35  3 | 40 24 61 11  4  7 15 47 | 32 52 20  1  6 16 55 36 | 37 34 54 23 59 17 64 60 |  5 13 22 57  8 56 19 50 | 46 42 26  2 62 51 12 14 |
|  8 50 56  5 57 13 19 22 | 45 10 63 29 33 28 58  9 | 46 26 42 51 12  2 14 62 | 20 52  1 36 55 32 16  6 | 27 41 30 44 53 49 43 39 | 47 15 40  7 11 61  4 24 | 18 21 38 31 35  3 25 48 | 37 59 17 60 34 64 54 23 |
| 27 39 49 53 44 41 30 43 |  6 52 20 32  1 55 36 16 |  5 57 50 22 19 13  8 56 | 54 60 17 59 64 23 34 37 |  7 24 40 61 47 15  4 11 | 46 62 12 14 42 26 51  2 | 45 10 28 33 29  9 63 58 | 18 48 31 21  3 38 25 35 |
|  7 11 15 47 61 24 40  4 | 37 60 54 23 17 64 59 34 | 53 44 39 43 30 41 27 49 | 25 21 31 48 38 35  3 18 | 14  2 12 26 46 62 51 42 |  5 56 19  8 50 57 22 13 |  6 52 55  1 32 16 20 36 | 45 58 33 10  9 28 63 29 |
| 14 42 62 46 26  2 12 51 | 18 21 25 35 31 38 48  3 | 47 61 11  4 40 24  7 15 | 63 10 33 58 28 29  9 45 |  8 13 19 57  5 56 22 50 | 53 49 30 27 39 44 43 41 | 37 60 64 17 23 34 54 59 |  6 36  1 52 16 55 20 32 |
| 32 36 16  6  1 52 20 55 | 47 24 40  7 61  4 11 15 | 45 33 58 28 63 10 29  9 | 12  2 26 42 51 14 62 46 | 23 60 54 17 37 34 64 59 | 18  3 25 35 48 31 38 21 | 53 41 43 44 27 49 30 39 |  5 50 57 13 56 22 19  8 |
| 23 59 34 37 17 60 54 64 | 46  2 12 14 26 51 42 62 |  6  1 36 55 20 52 32 16 | 19 13 57 50 22  8 56  5 | 35 21 25 31 18  3 38 48 | 45  9 63 29 58 33 28 10 | 47 24  4 61  7 15 40 11 | 53 39 44 41 49 43 30 27 |
| 35 48  3 18 31 21 25 38 |  5 13 19  8 57 22 50 56 | 37 17 59 64 54 60 23 34 | 30 41 44 39 43 27 49 53 | 29 10 63 33 45  9 28 58 |  6 16 20 32 36  1 55 52 | 46  2 51 26 14 62 12 42 | 47 11 61 24 15  4 40  7 |
+-------------------------+-------------------------+-------------------------+-------------------------+-------------------------+-------------------------+-------------------------+-------------------------+
