+-------------------+-------------------+-------------------+-------------------+-------------------+-------------------+
| 20  1  6 31 29 28 | 22  3 19 26  5  8 | 24 35 36 27 21  4 | 23  2 11 18 12 33 | 32  9  7 25 13 17 | 34 30 16 15 10 14 |
| 23 33 12 11  2 18 | 34 16 30 15 10 14 | 19  5  8  3 26 22 | 25  7 13  9 32 17 | 35 21  4 24 27 36 | 20  1 28  6 29 31 |
| 34 30 15 14 10 16 |  4 27 24 21 35 36 | 25 32 17 13  9  7 | 20 29 31 28  6  1 | 12 18  2 23 11 33 | 22 19  3 26  5  8 |
| 22 19 26  8  5  3 |  7 13 25  9 32 17 | 23 12 33 11 18  2 | 34 10 14 16 15 30 |  6 28 29 20 31  1 |  4 24 27 21 35 36 |
| 24 36 35 27  4 21 | 23 18 33 12  2 11 |  1 29 31 28  6 20 | 19 22  3 26  5  8 | 10 15 34 30 16 14 | 25 17  9 32  7 13 |
| 25 17 32 13  7  9 | 20 28  1  6 29 31 | 30 10 14 16 15 34 | 24  4 27 21 35 36 |  5 26 22 19  3  8 | 23 33 18 12  2 11 |
+-------------------+-------------------+-------------------+-------------------+-------------------+-------------------+
| 35  4 27 24 21 36 | 12 33  2 11 18 23 | 29 28 20  1 31  6 |  5 26 19  8  3 22 | 16 14 15 10 30 34 | 32  7 17 13  9 25 |
|  6 29 31 20 28  1 | 26 19  5  8  3 22 | 35 27  4 24 36 21 | 12 18 23 33 11  2 | 13 17  9 32 25  7 | 15 10 30 14 16 34 |
| 15 10 14 34 16 30 | 21 24 35 36 27  4 | 32 13  7 25 17  9 |  6 28 20  1 31 29 | 11 33 18 12 23  2 | 26  5 19  8  3 22 |
| 26  5  8 22  3 19 |  9 25 32 17 13  7 | 12 11  2 23 33 18 | 15 16 34 30 14 10 | 31  1 28  6 20 29 | 21 35 24 36 27  4 |
| 32  7 13 25  9 17 |  6  1 29 31 28 20 | 10 16 34 30 14 15 | 35 21 24 36 27  4 |  3  8 26  5 19 22 | 12  2 33 11 18 23 |
| 12  2 11 23 18 33 | 15 30 10 14 16 34 |  5  3 22 19  8 26 | 32  9 25 17 13  7 | 27 36 21 35 24  4 |  6 29  1 31 28 20 |
+-------------------+-------------------+-------------------+-------------------+-------------------+-------------------+
|  4 24 21 36 35 27 |  2 11 23 18 12 33 | 20  6  1 31 28 29 | 22  5  8  3 26 19 | 15 16 10 34 14 30 |  7 25 13  9 32 17 |
|  7 25  9 17 32 13 | 29 31 20 28  6  1 | 34 15 30 14 16 10 |  4 35 36 27 21 24 | 26  3  5 22  8 19 |  2 23 11 18 12 33 |
|  2 23 18 33 12 11 | 10 14 34 16 15 30 | 22 26 19  8  3  5 |  7 32 17 13  9 25 | 21 27 35  4 36 24 | 29 20 31 28  6  1 |
| 10 34 16 30 15 14 | 35 36  4 27 21 24 |  7  9 25 17 13 32 | 29  6  1 31 28 20 | 18 11 12  2 33 23 |  5 22  8  3 26 19 |
|  5 22  3 19 26  8 | 32 17  7 13  9 25 |  2 18 23 33 11 12 | 10 15 30 14 16 34 | 28 31  6 29  1 20 | 35  4 36 27 21 24 |
| 29 20 28  1  6 31 |  5  8 22  3 26 19 |  4 21 24 36 27 35 |  2 12 33 11 18 23 |  9 13 32  7 17 25 | 10 34 14 16 15 30 |
+-------------------+-------------------+-------------------+-------------------+-------------------+-------------------+
| 31 28 20  6  1 29 |  8  5  3 22 19 26 | 27 24 21 35  4 36 | 11 33 12  2 23 18 | 25  7 17 13 32  9 | 14 16 10 34 30 15 |
| 13  9 25 32 17  7 | 31 29 28 20  1  6 | 16 30 15 10 34 14 | 27 36 35  4 24 21 | 19 22  8  3  5 26 | 11 18  2 23 33 12 |
|  8  3 22 26 19  5 | 17 32 13  7 25  9 | 11 23 18 12  2 33 | 14 30 15 10 34 16 | 20 29  1 31  6 28 | 36 27 35  4 24 21 |
| 27 21 24 35 36  4 | 11  2 18 23 33 12 | 28  1  6 29 20 31 |  3  8  5 22 19 26 | 30 34 14 16 10 15 | 13  9  7 25 17 32 |
| 11 18 23 12 33  2 | 14 10 16 34 30 15 |  3 19 26  5 22  8 | 13 17 32  7 25  9 | 24  4 36 27 35 21 | 31 28 29 20  1  6 |
| 14 16 34 15 30 10 | 36 35 27  4 24 21 | 13 25  9 32  7 17 | 31  1  6 29 20 28 | 23  2 33 11 12 18 |  8  3  5 22 19 26 |
+-------------------+-------------------+-------------------+-------------------+-------------------+-------------------+
| 21 35 36  4 27 24 | 18 23 12 33 11  2 |  6 31 29 20  1 28 | 26  3 22 19  8  5 | 14 30 16 15 34 10 |  9 32 25 17 13  7 |
| 28  6  1 29 31 20 |  3 22 26 19  8  5 | 21 36 35  4 24 27 | 18 11  2 23 33 12 | 17 25 13  9  7 32 | 16 15 34 30 14 10 |
| 18 12 33  2 11 23 | 16 34 15 30 14 10 | 26  8  5 22 19  3 |  9 13  7 25 17 32 | 36 24 27 21  4 35 | 28  6 20  1 31 29 |
|  3 26 19  5  8 22 | 13  7  9 25 17 32 | 18 33 12  2 23 11 | 16 14 10 34 30 15 |  1 20 31 28 29  6 | 27 21  4 24 36 35 |
| 16 15 30 10 14 34 | 27  4 21 24 36 35 |  9 17 32  7 25 13 | 28 31 29 20  1  6 | 33 23 11 18  2 12 |  3 26 22 19  8  5 |
|  9 32 17  7 13 25 | 28 20  6  1 31 29 | 15 14 10 34 30 16 | 21 27  4 24 36 35 |  8 19  3 26 22  5 | 18 12 23 33 11  2 |
+-------------------+-------------------+-------------------+-------------------+-------------------+-------------------+
| 36 27  4 21 24 35 | 33 12 11  2 23 18 | 31 20 28  6 29  1 |  8 19 26  5 22  3 | 34 10 30 14 15 16 | 17 13 32  7 25  9 |
| 19  8  5  3 22 26 | 25  9 17 32  7 13 | 33  2 11 18 12 23 | 30 34 16 15 10 14 | 29  6 20  1 28 31 | 24 36 21 35  4 27 |
| 30 14 10 16 34 15 | 24 21 36 35  4 27 | 17  7 13  9 32 25 |  1 20 28  6 29 31 |  2 12 23 33 18 11 | 19  8 26  5 22  3 |
| 33 11  2 18 23 12 | 30 15 14 10 34 16 |  8 22  3 26  5 19 | 17 25  9 32  7 13 |  4 35 24 36 21 27 |  1 31  6 29 20 28 |
|  1 31 29 28 20  6 | 19 26  8  5 22  3 | 36  4 27 21 35 24 | 33 23 18 12  2 11 |  7 32 25 17  9 13 | 30 14 15 10 34 16 |
| 17 13  7  9 25 32 |  1  6 31 29 20 28 | 14 34 16 15 10 30 | 36 24 21 35  4 27 | 22  5 19  8 26  3 | 33 11 12  2 23 18 |
+-------------------+-------------------+-------------------+-------------------+-------------------+-------------------+
