+-------------------------+-------------------------+-------------------------+-------------------------+-------------------------+-------------------------+-------------------------+-------------------------+
| 57 48 60 59  5  3 63 32 | 34 14  8 44 56 26 47 29 | 42 62 22  6 16 40 28 53 | 12  7 45 23 46  9 54 41 | 27  1 35 50 58 15 52 21 | 30 11 49 55 20 61 10 13 | 38 17 31 51 24 19 39 37 |  2 25  4 64 18 33 43 36 |
| 47 26 34  8 29 14 44 56 | 19 51 24 31 17 37 38 39 | 54  9 23 46 45 12  7 41 | 61 20 30 55 13 10 11 49 | 57 63 59 48  3 32  5 60 | 25  4 18  2 36 43 64 33 | 27 15  1 58 35 21 52 50 | 22 16 42 62 53  6 40 28 |
| 25 33 18 43 36  4 64  2 | 53 42 40 62 22  6 16 28 | 51 31 17 37 38 24 39 19 | 35 52 27 15 50  1 58 21 | 30 10 61 13 11 55 20 49 | 57  3 60 32  5 59 63 48 | 45 23  9 54 12 41  7 46 | 56 47 14 44 34 26  8 29 |
| 30 13 49 61 20 11 10 55 | 18  4 43 64  2 33 25 36 | 14 44 56 26 47  8 29 34 | 24 39 38 17 37 31 51 19 | 45  9 12 46 54 23  7 41 | 27 58 21 15 52 35  1 50 | 16 22 62 42 40 53 28  6 | 32 57  3 63 60 48 59  5 |
| 45 46 41 12  7 54  9 23 | 49 11 61 10 55 13 30 20 |  3 63 32 48 57 59  5 60 |  8 29 47 56 26 44 14 34 | 16 62 40  6 42 22 28 53 | 38 51 19 17 39 24 31 37 | 25  2 64  4 43 18 36 33 | 15 27 58  1 21 50 35 52 |
| 27 50 21 35 52 58  1 15 | 60  3 59 63 32 48 57  5 |  4 64  2 33 25 43 36 18 | 40 28 16 22  6 62 42 53 | 38 31 24 37 51 17 39 19 | 45 54 41 23  7 12  9 46 | 47 56 44 14  8 34 29 26 | 55 30 11 10 49 13 61 20 |
| 16  6 53 40 28 42 62 22 | 41 54 12  9 23 46 45  7 | 58  1 15 50 27 35 52 21 | 59  5 57 32 48 63  3 60 | 25 64 43 33  4  2 36 18 | 47 14 34 56 29  8 44 26 | 30 55 10 11 61 49 20 13 | 17 38 51 31 19 37 24 39 |
| 38 37 19 24 39 51 31 17 | 21 58 35  1 15 50 27 52 | 11 10 55 13 30 61 20 49 | 43 36 25  2 33 64  4 18 | 47 44  8 26 14 56 29 34 | 16 42 53 22 28 40 62  6 | 57 32 63  3 59 60  5 48 | 23 45 54  9 41 46 12  7 |
+-------------------------+-------------------------+-------------------------+-------------------------+-------------------------+-------------------------+-------------------------+-------------------------+
| 31 24 55 51 38 19 37 39 |  2 21 58 50 52 35  1 27 | 49 13 20 61 10 11 30 56 |  4 25 64 36 43 33 18 17 | 44 26 14  8 34 29 47 23 | 62 53 15 28 16 42  6 40 | 63  5 48 60  3 22 57 59 |  7  9 41 46 32 12 54 45 |
| 44  8 23 14 47 34 26 29 | 55 19 51 37 39 24 31 38 | 41 46  7 12  9 54 45 32 | 11 30 10 20 61 13 49 56 | 63 48  3 59 60  5 57 22 | 64 18 17 36 25  4 33 43 |  1 52 50 21 58  2 27 35 | 28 62 53  6 15 40 42 16 |
| 10 61 56 11 30 49 13 20 | 17 18  4 33 36 43 64 25 | 34 26 29  8 44 14 47 23 | 51 38 31 39 24 37 19 55 |  9 46 54 12 41  7 45 32 |  1 21  2 52 27 58 50 35 | 62 28  6 53 42 15 16 40 |  5 63 60 48 22 59  3 57 |
| 63 59 22  3 57 60 48  5 | 23 34 14 26 29  8 44 47 | 53  6 28 40 62 42 16 15 | 54 45  9  7 12 46 41 32 |  1 50 58 35 21 52 27  2 | 10 49 56 20 30 11 13 61 | 31 39 37 19 51 55 38 24 | 36 64 18 33 17 43  4 25 |
|  9 12 32 54 45 41 46  7 | 56 49 11 13 20 61 10 30 | 60 48  5 59 63  3 57 22 | 14 47 44 29  8 26 34 23 | 62  6 42 40 53 28 16 15 | 31 19 55 39 38 51 37 24 | 64 36 33 18  4 17 25 43 | 52  1 21 50  2 35 58 27 |
| 62 40 15 42 16 53  6 28 | 32 41 54 46  7 12  9 45 | 21 50 52 35  1 58 27  2 |  3 57 63  5 59 48 60 22 | 64 33  4 43 18 36 25 17 | 44 34 23 29 47 14 26  8 | 10 20 13 49 11 56 30 61 | 39 31 19 37 55 24 51 38 |
| 64 43 17  4 25 18 33 36 | 15 53 42  6 28 40 62 16 | 19 37 39 24 31 51 38 55 | 58 27  1 52 35 50 21  2 | 10 13 11 61 49 20 30 56 | 63 60 22  5 57  3 48 59 |  9  7 46 41 54 32 45 12 | 29 44 34 26 23  8 14 47 |
|  1 35  2 58 27 21 50 52 | 22 60  3 48  5 59 63 57 | 18 33 36 43 64  4 25 17 | 42 16 62 28 40  6 53 15 | 31 37 51 24 19 39 38 55 |  9 41 32  7 45 54 46 12 | 44 29 26 34 14 23 47  8 | 20 10 49 13 56 61 11 30 |
+-------------------------+-------------------------+-------------------------+-------------------------+-------------------------+-------------------------+-------------------------+-------------------------+
| 22 16 40 62 60  6 28  3 | 12 46  9  7 14 45 23 34 | 50 52 42 27 15  1 53 35 | 63 41 32 54 57  5 48 59 |  2 36 64 25 33 58 21 43 | 56 26  8 11 49 44 29 47 | 55 51 20 13 10 61 19 30 |  4 17 37 39 24 38 31 18 |
| 15 27 35  1 53 50 52 42 | 59 48 63  5 54 57 32 41 | 33 36 58 25  2 64 21 43 | 62 60 22  3 16 28  6 40 | 17 39 31 38 37  4 18 24 | 23 46 12 14 34  9  7 45 | 56 11 29 26 44  8 49 47 | 51 55 13 20 61 30 10 19 |
| 56 47  8 44 49 26 29 11 | 24 37 31 39  4 38 17 18 | 46  7 14 45 23  9 34 12 | 10 19 55 51 30 20 13 61 | 32  5 63 57 48 54 41 59 |  2 33 43 58 21 64 36 25 | 15 42 52 50  1 35 53 27 |  3 22  6 28 40 16 62 60 |
| 32 57 59 63 41 48  5 54 |  8 26 44 29 11 47 56 49 |  6 28  3 16 22 62 60 40 |  9 34 23 14 45  7 46 12 | 15 52  1 27 50 42 53 35 | 55 13 61 51 19 10 20 30 | 17  4 39 37 31 24 18 38 | 58  2 33 36 43 25 64 21 |
| 17 38 24 31 18 37 39  4 | 35 50  1 52 42 27 15 53 | 13 20 51 30 55 10 19 61 | 64 21  2 58 25 36 33 43 | 56 29 44 47 26 11 49  8 | 22  6 40  3 60 62 28 16 | 32 54  5 48 63 59 41 57 | 14 23 46  7 12 45  9 34 |
|  2 25 43 64 21 33 36 58 | 40  6 62 28  3 16 22 60 | 37 39  4 38 17 31 18 24 |  1 53 15 42 27 52 50 35 | 55 20 10 30 13 51 19 61 | 32 48 59 54 41 63  5 57 | 23 14  7 46  9 12 34 45 | 11 56 26 29  8 47 44 49 |
| 55 30 61 10 19 13 20 51 | 43 33 64 36 58 25  2 21 | 26 29 11 47 56 44 49  8 | 31 18 17  4 38 39 37 24 | 23  7  9 45 46 14 34 12 | 15 50 35 42 53  1 52 27 | 22  3 28  6 62 40 60 16 | 54 32 48  5 59 57 63 41 |
| 23 45 12  9 34 46  7 14 | 61 13 10 20 51 30 55 19 | 48  5 54 57 32 63 41 59 | 44 49 56 11 47 29 26  8 | 22 28 62 16  6  3 60 40 | 17 37 24  4 18 31 39 38 |  2 58 36 33 64 43 21 25 | 42 15 50 52 35 27  1 53 |
+-------------------------+-------------------------+-------------------------+-------------------------+-------------------------+-------------------------+-------------------------+-------------------------+
| 20 10 11 13 55 61 30 19 |  4 43 33 25 21 64 36  2 |  8 47 49 44 29 26 56 14 | 37 17 39 18 31 38 24 51 |  7 45 46  9 12 34 23 54 | 52 35 58 53 15 50 27  1 | 28 60 16 40  6 42 22 62 | 41  5 59 57  3 63 48 32 |
| 52  1 58 50 15 35 27 53 |  3 59 48 57 41 63  5 32 | 43 25 21 64 36 33  2  4 |  6 22 28 60 62 16 40 42 | 39 38 37 31 24 18 17 51 |  7 12 54 34 23 46 45  9 | 29 49 47  8 26 14 56 44 | 19 20 61 30 11 10 13 55 |
| 36 64  4 33  2 43 25 21 | 42 40  6 16 60 62 28 22 | 24 38 18 31 39 37 17 51 | 50 15 52 53  1 27 35 58 | 20 30 13 10 61 19 55 11 |  5 59  3 41 32 48 57 63 |  7 34 45 12 46 54 23  9 | 49 29  8 47 14 44 26 56 |
|  7  9 54 46 23 12 45 34 | 11 61 13 30 19 10 20 55 | 59 57 41 63  5 48 32  3 | 26 56 29 49 44 47  8 14 | 28 16  6 62 40 60 22 42 | 39 24 51 18 17 37 38 31 | 36 21 25 43 33  4  2 64 | 53 52 35 27 58  1 50 15 |
| 28 62 42  6 22 40 16 60 | 54 12 46 45 34  9  7 23 | 35 27 53  1 52 50 15 58 | 48 32  5 41 63 57 59  3 | 36 25 33 64 43 21  2  4 | 29  8 14 49 56 26 47 44 | 20 19 30 61 13 11 55 10 | 18 39 24 38 51 31 37 17 |
| 29 44 14 26 56  8 47 49 | 51 24 37 38 18 31 39 17 | 12 45 34  9  7 46 23 54 | 13 55 20 19 10 30 61 11 |  5 57 48 63 59 41 32  3 | 36 43  4 21  2 33 25 64 | 52 53 27 35 50 58 15  1 | 60 28 40 16 42 62  6 22 |
|  5 63  3 48 32 59 57 41 | 14  8 26 47 49 44 29 56 | 40 16 60 62 28  6 22 42 | 46 23  7 34  9 45 12 54 | 52 27 50  1 35 53 15 58 | 20 61 11 19 55 13 30 10 | 39 18 38 24 37 51 17 31 | 21 36 43 25  4 64 33  2 |
| 39 31 51 37 17 24 38 18 | 58 35 50 27 53  1 52 15 | 61 30 19 10 20 13 55 11 | 33  2 36 21 64 25 43  4 | 29 47 26 44  8 49 56 14 | 28 40 42 60 22  6 16 62 |  5 41 57 59 48  3 32 63 | 34  7 12 45 54  9 46 23 |
+-------------------------+-------------------------+-------------------------+-------------------------+-------------------------+-------------------------+-------------------------+-------------------------+
| 49 29 26 47 11 44 56 61 | 37 31 38 17 43 39 18  4 |  9 23  8  7 34 45 14 46 | 30 51 19 24 20 55 10 13 | 41 32 57  5 63 12 54 48 | 21 64 33 35 58 25  2 36 | 53 40 15  1 27 50 42 52 | 59 60 62 22  6 28 16  3 |
| 21 36 33 25 58 64  2 35 |  6 62 16 22 59 28 60  3 | 31 17 43 39 18 38  4 37 | 27 42 53 40 52 15  1 50 | 19 55 30 20 10 24 51 13 | 41 63 48 12 54 57 32  5 | 34  8 23  9 45 46 14  7 | 61 49 44 56 26 29 47 11 |
| 18 39 37 38  4 31 17 43 | 50  1 27 15 40 52 53 42 | 10 55 24 20 19 30 51 13 | 25 58 21 35 36  2 64 33 | 49 56 47 29 44 61 11 26 | 60 62  6 59  3 16 22 28 | 41 12 32 63 57 48 54  5 |  8 34  9 23 46  7 45 14 |
| 60 28  6 16  3 62 22 59 | 46  9 45 23  8  7 34 14 |  1 15 40 52 53 27 42 50 | 57 54 41 12  5 32 63 48 | 21  2 25 36 64 35 58 33 | 49 44 26 61 11 47 56 29 | 19 24 55 10 30 13 51 20 | 43 18 31 17 37 39 38  4 |
| 34  7 46 45 14  9 23  8 | 13 10 30 55 24 20 19 51 | 63 32 12  5 41 57 54 48 | 47 11 49 61 29 56 44 26 | 60 22 16 28 62 59  3  6 | 18 31 37 43  4 38 17 39 | 21 35  2 64 25 33 58 36 | 40 53  1 15 50 52 27 42 |
| 19 20 13 30 51 10 55 24 | 33 64 25  2 35 36 21 58 | 44 56 61 29 49 47 11 26 | 38  4 18 43 39 17 31 37 | 34 23 45  7  9  8 14 46 | 53  1 50 40 42 27 15 52 | 60 59 22 62 16  6  3 28 | 12 41 63 32 48  5 57 54 |
| 53 52 50 27 42  1 15 40 | 48 63 57 32 12  5 41 54 | 64  2 35 36 21 25 58 33 | 16  3 60 59 28 22 62  6 | 18 17 38 39 31 43  4 37 | 34  9 46  8 14 45 23  7 | 49 61 56 44 47 26 11 29 | 24 19 10 55 13 20 30 51 |
| 41  5 48 57 54 63 32 12 | 26 44 47 56 61 29 49 11 | 62 22 59 28 60 16  3  6 | 45 14 34  8  7 23  9 46 | 53 15 27 52  1 40 42 50 | 19 10 13 24 51 30 55 20 | 18 43 17 31 38 37  4 39 | 35 21 64  2 33 36 25 58 |
+-------------------------+-------------------------+-------------------------+-------------------------+-------------------------+-------------------------+-------------------------+-------------------------+
| 24 19 30 55 37 20 51 31 | 25 36  2 58  1 21 35 50 | 29 11 10 49 61 56 13 47 | 17 33 43 64 18  4 39 38 |  8 14 23 34  7 44 26 45 | 40 52 27 62  6 15 42 53 | 59 63  3 28 22 16 48 60 |  9 12  5 54 57 41 32 46 |
| 61 49 47 56 13 29 11 10 | 38 39 17  4 64 18 43 33 |  7 14 44 34  8 23 26 45 | 55 37 24 31 19 51 20 30 | 12 54 32 41  5  9 46 57 | 35 36 25  1 50  2 58 21 | 40 62 42 52 15 27  6 53 | 63 59 28  3 16 60 22 48 |
| 40 53 27 15  6 52 42 62 | 57  5 32 54  9 41 12 46 | 36 58  1 21 35  2 50 25 | 22 48 59 63 60  3 28 16 | 43  4 17 18 39 64 33 38 |  8  7 45 44 26 23 14 34 | 61 10 11 29 56 47 13 49 | 31 24 20 51 30 19 55 37 |
| 59 60 16 22 48 28  3 63 | 45  7 23 14 44 34  8 26 | 52 42 62 53 40 15  6 27 | 32 46 12  9 41 54  5 57 | 35 58  2 21 36  1 50 25 | 61 29 47 10 13 56 11 49 | 24 31 51 20 55 30 37 19 | 64 43 39  4 38 18 17 33 |
| 35 21 25  2 50 36 58  1 | 16 28 22  3 63 60 59 48 | 39  4 64 18 43 17 33 38 | 15  6 40 62 53 42 52 27 | 24 51 55 19 20 31 37 30 | 12  5 57  9 46 32 54 41 |  8 44 14  7 23 45 26 34 | 10 61 29 11 47 49 56 13 |
| 43 18 38 17 33 39  4 64 | 27 52 15 42 62 53 40  6 | 20 51 31 19 24 55 37 30 |  2 50 35  1 21 58 36 25 | 61 11 56 49 29 10 13 47 | 59 28 16 63 48 22  3 60 | 12  9 54  5 32 57 46 41 | 44  8  7 14 45 34 23 26 |
|  8 34 45 23 26  7 14 44 | 30 20 55 51 31 19 24 37 |  5 54  9 41 12 32 46 57 | 56 13 61 10 49 11 29 47 | 59  3 22 60 28 63 48 16 | 43 39 38 64 33 17  4 18 | 35  1 58 36  2 25 50 21 | 62 40 52 42 27 53 15  6 |
| 12 41 57 32 46  5 54  9 | 47 29 56 11 10 49 61 13 | 28  3 63 60 59 22 48 16 | 23 26  8 44 34 14  7 45 | 40 42 15 53 52 62  6 27 | 24 20 30 31 37 55 51 19 | 43 64  4 39 17 38 33 18 |  1 35 36 58 25 21  2 50 |
+-------------------------+-------------------------+-------------------------+-------------------------+-------------------------+-------------------------+-------------------------+-------------------------+
|  6 42 52 53 62 15 40 16 |  5 32 41 12 45 54 46  9 |  2 35 27 58 50 21  1 36 | 60 63 48 57  3 59 22 28 | 33 43 18  4 17 25 64 39 | 26 23  7 47 44 34  8 14 | 13 30 61 56 49 29 10 11 | 38 37 55 24 20 51 19 31 |
| 37 51 20 19 31 55 24 38 | 36  2 21 35 27 58 50  1 | 56 61 30 11 13 49 10 29 | 18 64 33 25  4 43 17 39 | 26  8 34 14 23 47 44  7 |  6 15 52 16 62 53 40 42 | 48 57 59 22 60 28 63  3 | 45 46 32 12  5 54 41  9 |
| 13 11 29 49 10 56 61 30 | 39 17 18 43 25  4 33 64 | 23  8 47 14 26 34 44  7 | 19 31 37 38 51 24 55 20 | 46 12 41 54 32 45  9  5 | 50  2 36 27  1 21 35 58 |  6 16 40 15 53 52 62 42 | 57 48 22 59 28  3 60 63 |
| 26 14  7 34 44 23  8 47 | 20 55 19 24 38 51 37 31 | 32 12 45 54 46 41  9  5 | 49 10 13 30 11 61 56 29 | 48 59 60  3 22 57 63 28 | 33 17 39 25 64 18 43  4 | 50 27 35  2 21 36  1 58 | 16  6 15 40 52 42 53 62 |
| 33  4 39 18 64 17 43 25 | 52 15 53 40 16 42  6 62 | 55 24 38 51 37 19 31 20 | 21  1 50 27 58 35  2 36 | 13 61 49 11 56 30 10 29 | 48 22 28 57 63 60 59  3 | 46 45 12 32 41  5  9 54 | 47 26 23  8  7 14 34 44 |
| 50 58 36 21  1  2 35 27 | 28 22 60 59 57  3 48 63 | 17 43 25  4 33 18 64 39 | 53 62  6 16 42 40 15 52 | 37 24 19 51 55 38 31 20 | 46 32  5 45  9 41 12 54 | 26 47  8 23 34  7 44 14 | 30 13 56 61 29 11 49 10 |
| 48  3 28 60 63 22 59 57 |  7 23 34  8 47 14 26 44 | 15 40 16 42  6 53 62 52 | 41  9 46 45 54 12 32  5 | 50 35 21 58  2 27  1 36 | 13 56 29 30 10 49 61 11 | 37 38 24 55 19 20 31 51 | 25 33 17 43 39  4 18 64 |
| 46 54  5 41  9 32 12 45 | 29 56 49 61 30 11 13 10 | 22 59 57  3 48 60 63 28 | 34 44 26 47 14  8 23  7 |  6 40 53 42 15 16 62 52 | 37 55 20 38 31 19 24 51 | 33 25 43 17 18 39 64  4 | 27 50  2 35 36 58 21  1 |
+-------------------------+-------------------------+-------------------------+-------------------------+-------------------------+-------------------------+-------------------------+-------------------------+
|  3 22 62 28 59 16 60 48 |  9 45  7 34 26 23 14  8 | 27 53  6 15 42 52 40  1 |  5 12 54 46 32 41 57 63 | 58 21 36  2 25 50 35 64 | 11 47 44 13 61 29 49 56 | 51 37 19 30 20 10 24 55 | 33  4 38 18 31 17 39 43 |
| 42 15  1 52 40 27 53  6 | 63 57  5 41 46 32 54 12 | 25 21 50  2 58 36 35 64 | 28 59  3 48 22 60 16 62 |  4 18 39 17 38 33 43 31 | 14 45  9 26  8  7 34 23 | 11 13 49 47 29 44 61 56 | 37 51 30 19 10 55 20 24 |
| 11 56 44 29 61 47 49 13 | 31 38 39 18 33 17  4 43 | 45 34 26 23 14  7  8  9 | 20 24 51 37 55 19 30 10 | 54 41  5 32 57 46 12 63 | 58 25 64 50 35 36 21  2 | 42  6 53 27 52  1 40 15 | 48  3 16 60 62 22 28 59 |
| 54 32 63  5 12 57 41 46 | 44 47 29 49 13 56 11 61 | 16 60 48 22  3 28 59 62 |  7  8 14 26 23 34 45  9 | 42 53 52 15 27  6 40  1 | 51 30 10 37 24 20 19 55 |  4 33 18 38 39 31 43 17 | 50 58 25 21 64  2 36 35 |
| 58  2 64 36 35 25 21 50 | 62 16 28 60 48 22  3 59 | 38 18 33 17  4 39 43 31 | 52 40 42  6 15 53 27  1 | 51 19 20 55 30 37 24 10 | 54 57 63 46 12  5 41 32 | 14 26 34 45  7  9  8 23 | 13 11 47 49 44 56 29 61 |
| 14 23  9  7  8 45 34 26 | 10 30 20 19 37 55 51 24 | 57 41 46 32 54  5 12 63 | 29 61 11 13 56 49 47 44 |  3 60 28 22 16 48 59 62 |  4 38 31 33 43 39 18 17 | 58 50 21 25 36 64 35  2 |  6 42 27 53  1 15 52 40 |
| 51 55 10 20 24 30 19 37 | 64 25 36 21 50  2 58 35 | 47 49 13 56 11 29 61 44 | 39 43  4 33 17 18 38 31 | 14 34  7 23 45 26  8  9 | 42 27  1  6 40 52 53 15 |  3 48 60 16 28 62 59 22 | 46 54 57 41 63 32  5 12 |
|  4 17 31 39 43 38 18 33 |  1 27 52 53  6 15 42 40 | 30 19 37 55 51 20 24 10 | 36 35 58 50  2 21 25 64 | 11 49 29 56 47 13 61 44 |  3 16 62 48 59 28 60 22 | 54 46 41 57  5 63 12 32 | 26 14 45 34  9 23  7  8 |
+-------------------------+-------------------------+-------------------------+-------------------------+-------------------------+-------------------------+-------------------------+-------------------------+
