+----------------+----------------+----------------+----------------+----------------+
| 13 10  2  9 21 | 17 11  8  5 24 |  6 15  1  4 12 | 22 19 23 16 25 | 18  3 20 14  7 |
| 18  7 14  3 20 |  4  6  1 15 12 | 19 22 25 23 16 | 21 10  9 13  2 |  8  5 24 11 17 |
| 16 19 25 23 22 |  7 14 18  3 20 | 11  5  8 17 24 | 15  6  4 12  1 | 13  9 21  2 10 |
| 12  6  1  4 15 | 10  2 13  9 21 | 14  3 18  7 20 |  5 11 17 24  8 | 16 23 22 25 19 |
|  8 17 11  5 24 | 23 19 25 22 16 | 10 21  2  9 13 | 20  7  3 18 14 |  1 15 12  6  4 |
+----------------+----------------+----------------+----------------+----------------+
| 24 11  8 17  5 | 19 25 16 23 22 |  2  9 13 10 21 |  3 14  7 20 18 | 12  4 15  1  6 |
| 22 25 16 19 23 | 14 18 20  7  3 |  8 17 24 11  5 |  4  1  6 15 12 | 21 10  9 13  2 |
| 15  1 12  6  4 |  2 13 21 10  9 | 18  7 20 14  3 | 17  8 11  5 24 | 22 19 23 16 25 |
| 20 14 18  7  3 |  6  1 12  4 15 | 25 23 16 19 22 |  9  2 10 21 13 | 24 17  5  8 11 |
| 21  2 13 10  9 | 11  8 24 17  5 |  1  4 12  6 15 | 23 25 19 22 16 | 20  7  3 18 14 |
+----------------+----------------+----------------+----------------+----------------+
|  5  8 24 11 17 | 25 16 22 19 23 | 13 10 21  2  9 |  7 18 14  3 20 | 15  6  4 12  1 |
|  9 13 21  2 10 |  8 24  5 11 17 | 12  6 15  1  4 | 19 16 25 23 22 |  3 14  7 20 18 |
| 23 16 22 25 19 | 18 20  3 14  7 | 24 11  5  8 17 |  6 12  1  4 15 |  9  2 10 21 13 |
|  3 18 20 14  7 |  1 12 15  6  4 | 16 19 22 25 23 | 10 13  2  9 21 |  5 11 17 24  8 |
|  4 12 15  1  6 | 13 21  9  2 10 | 20 14  3 18  7 | 11 24  8 17  5 | 23 25 19 22 16 |
+----------------+----------------+----------------+----------------+----------------+
| 10 21  9 13  2 | 24  5 17  8 11 | 15  1  4 12  6 | 25 22 16 19 23 |  7 18 14  3 20 |
|  6 15  4 12  1 | 21  9 10 13  2 |  3 18  7 20 14 |  8  5 24 11 17 | 19 16 25 23 22 |
| 17 24  5  8 11 | 16 22 23 25 19 | 21  2  9 13 10 | 14 20 18  7  3 |  4  1  6 15 12 |
| 19 22 23 16 25 | 20  3  7 18 14 |  5  8 17 24 11 |  1 15 12  6  4 | 10 13  2  9 21 |
|  7 20  3 18 14 | 12 15  4  1  6 | 22 25 23 16 19 |  2 21 13 10  9 | 17  8 11  5 24 |
+----------------+----------------+----------------+----------------+----------------+
|  2  9 10 21 13 |  5 17 11 24  8 |  4 12  6 15  1 | 16 23 22 25 19 | 14 20 18  7  3 |
|  1  4  6 15 12 |  9 10  2 21 13 |  7 20 14  3 18 | 24 17  5  8 11 | 25 22 16 19 23 |
| 14  3  7 20 18 | 15  4  6 12  1 | 23 16 19 22 25 | 13  9 21  2 10 | 11 24  8 17  5 |
| 25 23 19 22 16 |  3  7 14 20 18 | 17 24 11  5  8 | 12  4 15  1  6 |  2 21 13 10  9 |
| 11  5 17 24  8 | 22 23 19 16 25 |  9 13 10 21  2 | 18  3 20 14  7 |  6 12  1  4 15 |
+----------------+----------------+----------------+----------------+----------------+
