36
4252
1 2
2 3
3 5
4 6
5 7
6 9
7 10
8 16
9 35
10 36
139 37
253 74
254 75
255 77
256 78
257 79
258 88
259 95
260 98
261 105
262 107
263 108
379 111
380 113
381 124
382 128
383 134
384 135
385 138
386 141
387 144
510 163
632 183
633 190
634 196
635 203
636 207
637 210
638 216
785 233
850 265
976 293
977 302
978 304
979 318
980 324
1085 329
1086 333
1087 352
1088 359
1089 360
1228 382
1321 414
1460 434
1461 438
1462 439
1463 442
1464 458
1465 461
1466 462
1467 467
1468 468
1563 471
1564 473
1565 478
1566 484
1567 494
1568 495
1569 497
1570 504
1659 509
1660 513
1661 514
1662 515
1663 518
1664 524
1665 530
1666 531
1667 539
1668 540
1779 547
1780 550
1781 551
1782 554
1783 560
1784 566
1785 567
1786 569
1787 570
1788 575
1789 576
1903 578
1904 579
1905 581
1906 587
1907 592
1908 596
1909 602
1910 605
1911 606
2002 627
2117 653
2118 662
2119 674
2120 677
2121 678
2122 681
2233 696
2346 722
2347 725
2348 736
2349 746
2350 750
2351 753
2468 788
2588 794
2589 795
2590 815
2591 821
2592 822
2593 825
2594 826
2694 830
2695 831
2696 842
2697 854
2698 858
2699 861
2700 862
2821 868
2933 921
3040 941
3041 943
3042 950
3043 962
3044 963
3045 965
3215 977
3216 983
3217 1001
3218 1006
3319 1033
3444 1068
3520 1085
3521 1087
3522 1090
3523 1091
3524 1094
3525 1100
3526 1103
3527 1107
3528 1108
3655 1123
3656 1126
3657 1127
3658 1130
3659 1136
3660 1139
3661 1143
3662 1145
3663 1149
3664 1151
3775 1163
3776 1166
3777 1182
3778 1185
3779 1187
3911 1196
4033 1255
4154 1265
4155 1267
4156 1270
4157 1280
4158 1283
4159 1287
4160 1288
4161 1290
4162 1293
11 1301
12 1303
13 1305
14 1306
15 1312
16 1327
140 1339
141 1341
142 1342
143 1355
144 1356
145 1357
146 1362
264 1385
388 1409
389 1420
390 1429
391 1431
392 1434
511 1451
639 1486
640 1492
641 1499
642 1500
643 1501
644 1503
645 1506
646 1507
786 1520
851 1574
981 1604
1090 1626
1229 1661
1230 1665
1231 1672
1232 1686
1233 1687
1322 1693
1323 1697
1324 1701
1325 1706
1326 1708
1327 1713
1328 1716
1329 1723
1469 1735
1470 1738
1471 1741
1472 1749
1473 1757
1474 1758
1571 1769
1572 1774
1573 1780
1574 1785
1575 1791
1576 1793
1669 1805
1670 1809
1671 1810
1672 1814
1673 1827
1790 1840
1912 1894
2003 1915
2004 1917
2005 1918
2006 1921
2007 1929
2008 1935
2009 1937
2123 1945
2124 1949
2125 1958
2126 1963
2127 1973
2128 1974
2129 1975
2234 2015
2352 2017
2353 2021
2354 2032
2355 2035
2356 2046
2469 2053
2470 2071
2471 2082
2595 2116
2701 2125
2702 2138
2703 2145
2704 2154
2822 2163
2934 2201
2935 2212
2936 2225
2937 2227
3046 2233
3047 2237
3048 2239
3049 2246
3050 2259
3051 2261
3052 2263
3219 2301
3320 2336
3445 2376
3529 2410
3665 2414
3780 2460
3912 2502
4034 2525
4035 2527
4036 2534
4037 2539
4038 2544
4039 2547
4040 2550
4163 2571
17 2594
18 2597
19 2599
20 2610
21 2623
22 2627
23 2628
147 2632
265 2666
266 2669
267 2671
268 2682
269 2687
270 2695
271 2697
272 2699
273 2700
393 2705
394 2708
395 2715
396 2730
397 2733
398 2736
512 2758
647 2780
648 2790
649 2795
650 2802
651 2803
652 2808
787 2811
852 2855
853 2858
854 2865
855 2879
856 2880
982 2881
983 2885
984 2894
985 2901
986 2910
987 2916
1091 2917
1092 2921
1093 2937
1094 2947
1095 2951
1096 2952
1234 2981
1330 2989
1331 2993
1332 3002
1333 3009
1334 3019
1475 3026
1476 3031
1477 3041
1478 3045
1479 3054
1480 3059
1481 3060
1577 3065
1578 3068
1579 3077
1580 3081
1581 3096
1674 3124
1791 3139
1792 3140
1793 3143
1794 3146
1795 3149
1796 3162
1797 3167
1798 3168
1913 3192
2010 3223
2130 3267
2235 3277
2236 3278
2237 3294
2238 3297
2239 3299
2240 3307
2357 3332
2472 3373
2596 3390
2705 3421
2706 3422
2707 3434
2708 3438
2709 3441
2710 3450
2711 3453
2712 3454
2823 3466
2938 3497
2939 3503
2940 3507
2941 3509
2942 3523
2943 3526
3053 3537
3220 3569
3221 3575
3222 3576
3223 3579
3224 3595
3225 3598
3321 3613
3446 3637
3447 3648
3448 3650
3449 3667
3450 3670
3530 3704
3666 3715
3667 3719
3668 3722
3669 3731
3670 3741
3671 3743
3781 3770
3913 3787
3914 3791
3915 3794
3916 3810
4041 3832
4164 3857
4165 3859
4166 3869
4167 3875
4168 3882
4169 3885
24 3916
148 3931
149 3933
150 3939
151 3944
152 3948
153 3950
154 3954
274 3981
399 4008
513 4037
514 4038
515 4041
516 4048
517 4052
518 4056
519 4059
520 4063
653 4097
788 4129
857 4150
988 4178
1097 4216
1235 4281
1335 4318
1482 4326
1483 4327
1484 4346
1485 4350
1582 4379
1675 4397
1676 4401
1677 4403
1678 4406
1679 4412
1680 4418
1681 4419
1799 4460
1914 4469
1915 4475
1916 4480
1917 4484
1918 4490
1919 4494
2011 4518
2131 4544
2241 4589
2358 4613
2359 4624
2360 4634
2361 4638
2473 4670
2474 4674
2597 4716
2713 4730
2714 4742
2715 4746
2824 4757
2825 4763
2826 4767
2827 4768
2828 4772
2829 4783
2944 4793
2945 4799
2946 4803
2947 4804
2948 4814
2949 4819
3054 4829
3055 4831
3056 4838
3057 4839
3058 4850
3059 4851
3060 4855
3226 4895
3322 4901
3323 4903
3324 4907
3325 4911
3326 4912
3327 4916
3328 4927
3451 4951
3531 4971
3672 5011
3673 5015
3674 5018
3675 5024
3676 5026
3677 5031
3782 5051
3783 5054
3784 5062
3785 5064
3786 5070
3917 5089
4042 5117
4043 5119
4044 5123
4045 5126
4046 5136
4047 5139
4048 5142
4170 5149
25 5187
26 5189
27 5194
28 5200
29 5219
30 5220
155 5254
275 5259
276 5261
277 5272
278 5282
279 5289
280 5291
281 5292
400 5295
401 5297
402 5308
403 5312
404 5318
405 5319
406 5322
407 5325
408 5328
521 5333
522 5338
523 5344
524 5348
525 5352
526 5355
527 5363
654 5367
655 5374
656 5380
657 5388
658 5391
659 5394
660 5400
789 5432
858 5447
859 5450
860 5457
861 5460
862 5471
863 5472
989 5495
1098 5513
1099 5529
1100 5532
1101 5543
1102 5544
1236 5556
1336 5587
1486 5626
1487 5633
1488 5637
1489 5642
1490 5645
1491 5646
1492 5651
1493 5652
1583 5655
1584 5657
1585 5662
1586 5668
1587 5669
1588 5673
1589 5678
1590 5679
1591 5681
1592 5688
1682 5693
1683 5698
1684 5699
1685 5702
1686 5708
1687 5714
1688 5715
1689 5723
1690 5724
1800 5725
1920 5791
2012 5799
2013 5806
2014 5807
2015 5816
2016 5817
2017 5823
2018 5825
2132 5837
2133 5846
2134 5851
2135 5858
2136 5861
2137 5862
2138 5865
2242 5883
2362 5909
2363 5920
2364 5923
2365 5930
2366 5934
2367 5937
2475 5949
2598 5980
2716 6025
2830 6054
2950 6086
3061 6138
3227 6178
3329 6220
3452 6236
3532 6269
3533 6274
3534 6275
3535 6278
3536 6281
3537 6283
3538 6284
3539 6291
3678 6310
3679 6311
3680 6314
3681 6319
3682 6320
3683 6327
3684 6329
3685 6333
3686 6335
3787 6347
3788 6350
3789 6353
3790 6355
3791 6360
3792 6366
3793 6369
3794 6371
3918 6382
3919 6383
3920 6386
3921 6392
3922 6396
3923 6401
3924 6402
4049 6413
4050 6419
4051 6422
4052 6427
4053 6432
4054 6435
4055 6438
4056 6443
4171 6469
31 6482
32 6483
33 6485
34 6496
35 6498
36 6511
37 6512
38 6515
156 6518
157 6524
158 6534
159 6536
160 6542
161 6548
282 6566
409 6591
410 6593
411 6596
412 6604
413 6608
414 6614
528 6637
661 6663
662 6668
663 6676
664 6678
665 6691
666 6692
790 6697
791 6701
792 6712
793 6724
864 6751
990 6795
1103 6819
1237 6845
1238 6856
1239 6868
1240 6871
1337 6877
1338 6881
1339 6892
1340 6907
1494 6914
1495 6929
1496 6938
1497 6941
1498 6947
1593 6973
1691 6996
1801 7028
1802 7037
1803 7040
1804 7046
1805 7049
1806 7055
1921 7089
2019 7126
2139 7139
2243 7186
2368 7207
2476 7237
2477 7239
2478 7254
2479 7262
2599 7282
2717 7332
2831 7349
2832 7360
2833 7361
2834 7364
2835 7373
2836 7375
2951 7403
3062 7417
3063 7421
3064 7433
3065 7442
3066 7445
3067 7447
3228 7482
3330 7489
3331 7493
3332 7504
3333 7508
3334 7519
3453 7525
3454 7540
3455 7553
3456 7555
3540 7581
3687 7616
3688 7625
3689 7631
3795 7668
3925 7674
4057 7713
4172 7744
39 7777
40 7786
41 7792
42 7807
162 7817
283 7864
284 7873
285 7879
286 7881
415 7885
416 7892
417 7900
418 7904
419 7909
420 7913
421 7917
529 7928
530 7930
531 7936
532 7940
533 7944
534 7945
535 7949
536 7951
667 7957
668 7964
669 7966
670 7972
671 7980
672 7981
673 7987
794 7999
865 8032
866 8036
867 8042
868 8046
869 8048
870 8052
871 8053
872 8061
873 8062
991 8065
992 8078
993 8080
994 8081
995 8088
996 8089
997 8098
1104 8113
1241 8155
1341 8199
1499 8240
1594 8255
1692 8288
1693 8290
1694 8300
1695 8313
1696 8315
1807 8319
1922 8367
2020 8400
2140 8428
2141 8430
2142 8438
2143 8442
2144 8457
2145 8459
2244 8488
2369 8498
2370 8500
2371 8504
2372 8520
2373 8521
2374 8529
2375 8531
2480 8536
2481 8538
2482 8540
2483 8550
2484 8556
2485 8565
2600 8570
2601 8576
2602 8592
2603 8593
2604 8601
2605 8602
2718 8606
2719 8608
2720 8612
2721 8618
2722 8622
2723 8637
2724 8638
2725 8639
2837 8649
2952 8682
2953 8692
2954 8693
2955 8694
2956 8700
2957 8707
3068 8742
3229 8771
3335 8806
3457 8846
3541 8857
3542 8862
3543 8864
3544 8866
3545 8874
3690 8893
3691 8902
3692 8908
3693 8910
3694 8917
3695 8925
3796 8929
3797 8930
3798 8936
3799 8946
3800 8952
3801 8961
3802 8962
3926 9000
4058 9002
4059 9008
4060 9018
4061 9024
4062 9034
4173 9057
43 9089
163 9122
287 9169
288 9175
289 9177
290 9180
422 9215
537 9223
674 9254
795 9311
874 9328
875 9342
876 9345
877 9348
878 9349
879 9357
880 9358
998 9371
1105 9397
1106 9414
1107 9417
1108 9420
1109 9421
1110 9427
1111 9428
1112 9429
1242 9442
1342 9469
1343 9480
1344 9489
1345 9492
1346 9499
1347 9500
1348 9501
1500 9525
1501 9530
1502 9534
1503 9535
1504 9538
1505 9540
1595 9561
1596 9566
1597 9571
1598 9574
1599 9576
1697 9602
1698 9609
1699 9612
1808 9638
1809 9642
1810 9645
1811 9648
1923 9676
2021 9689
2146 9724
2147 9726
2148 9732
2149 9733
2150 9738
2151 9746
2152 9753
2245 9760
2246 9762
2247 9774
2248 9780
2249 9781
2376 9821
2486 9844
2606 9879
2726 9920
2838 9944
2958 9978
2959 9990
2960 9991
2961 9996
2962 10003
3069 10009
3070 10014
3071 10021
3072 10027
3073 10029
3074 10032
3075 10039
3076 10040
3077 10041
3078 10044
3230 10050
3231 10056
3232 10063
3233 10065
3234 10075
3235 10076
3236 10080
3336 10081
3337 10086
3338 10092
3339 10098
3340 10099
3341 10104
3342 10111
3458 10117
3459 10128
3460 10129
3461 10137
3462 10147
3463 10149
3546 10153
3547 10158
3548 10170
3549 10171
3550 10179
3696 10189
3697 10206
3698 10207
3699 10213
3700 10215
3701 10221
3803 10225
3804 10242
3805 10243
3806 10248
3807 10257
3808 10258
3927 10263
4063 10318
4174 10341
44 10371
45 10384
46 10399
47 10404
164 10412
165 10424
166 10428
167 10429
291 10472
423 10479
424 10484
425 10492
426 10496
427 10501
428 10509
429 10512
538 10530
675 10582
796 10593
881 10623
882 10628
883 10640
884 10641
885 10644
886 10645
887 10653
999 10678
1113 10721
1243 10731
1244 10733
1245 10743
1246 10744
1247 10748
1248 10759
1349 10767
1350 10769
1351 10772
1352 10780
1353 10784
1354 10785
1355 10788
1356 10795
1357 10797
1506 10814
1600 10855
1700 10880
1701 10892
1702 10898
1703 10905
1704 10907
1705 10908
1812 10910
1924 10971
2022 10988
2023 11000
2024 11001
2025 11011
2026 11013
2153 11022
2154 11042
2155 11049
2156 11051
2250 11058
2251 11076
2252 11077
2377 11105
2487 11134
2607 11161
2727 11219
2839 11237
2840 11243
2841 11248
2842 11256
2843 11263
2844 11265
2845 11267
2963 11272
3079 11307
3080 11309
3081 11310
3082 11325
3083 11328
3084 11335
3085 11337
3086 11339
3087 11340
3237 11368
3343 11379
3344 11381
3345 11382
3346 11387
3347 11392
3348 11400
3349 11407
3464 11419
3551 11453
3552 11454
3553 11456
3554 11459
3555 11463
3702 11514
3809 11528
3810 11531
3811 11535
3812 11544
3813 11553
3928 11567
3929 11571
3930 11580
3931 11581
4064 11604
4175 11641
48 11687
168 11719
292 11739
293 11752
294 11764
295 11767
296 11769
430 11785
539 11816
540 11818
541 11820
542 11824
543 11836
544 11839
676 11870
797 11885
798 11895
799 11896
800 11901
801 11908
802 11914
888 11919
889 11924
890 11930
891 11934
892 11937
893 11944
894 11949
895 11950
1000 11955
1001 11957
1002 11966
1003 11967
1004 11968
1005 11973
1006 11986
1114 12018
1249 12027
1250 12029
1251 12039
1252 12040
1253 12052
1254 12055
1255 12058
1358 12096
1507 12097
1601 12156
1706 12185
1813 12226
1925 12246
2027 12284
2028 12286
2029 12297
2030 12307
2031 12309
2157 12324
2158 12326
2159 12330
2160 12345
2253 12357
2378 12386
2379 12392
2380 12417
2488 12427
2608 12483
2728 12503
2846 12533
2847 12544
2848 12546
2849 12559
2850 12561
2964 12589
3088 12603
3089 12605
3090 12621
3091 12631
3092 12633
3238 12638
3239 12641
3240 12648
3241 12657
3242 12667
3350 12701
3465 12728
3556 12779
3703 12790
3704 12796
3705 12798
3706 12813
3814 12820
3932 12854
3933 12862
3934 12867
3935 12886
4065 12920
4176 12926
4177 12929
4178 12934
4179 12940
4180 12957
4181 12958
49 12961
50 12963
51 12969
52 12972
53 12982
54 12996
169 13004
170 13005
171 13018
172 13020
173 13024
297 13043
431 13074
545 13112
546 13113
547 13116
548 13128
549 13131
550 13132
677 13141
678 13143
679 13148
680 13152
681 13164
682 13167
683 13168
684 13176
803 13177
804 13204
896 13215
897 13220
898 13230
899 13236
900 13240
901 13245
1007 13249
1008 13251
1009 13265
1010 13272
1115 13286
1256 13346
1359 13357
1360 13359
1361 13364
1362 13368
1363 13380
1364 13389
1508 13408
1602 13441
1707 13468
1814 13525
1926 13559
2032 13580
2033 13581
2034 13605
2161 13620
2162 13626
2163 13630
2164 13641
2165 13643
2254 13674
2381 13688
2382 13704
2383 13713
2384 13715
2489 13737
2609 13784
2729 13793
2851 13841
2852 13842
2853 13848
2854 13857
2855 13859
2965 13863
2966 13877
2967 13878
2968 13879
2969 13884
3093 13897
3094 13899
3095 13913
3096 13915
3097 13920
3098 13929
3099 13931
3100 13932
3243 13942
3351 14002
3466 14019
3557 14041
3558 14047
3559 14048
3560 14058
3561 14059
3562 14067
3707 14077
3708 14083
3709 14094
3710 14095
3711 14103
3712 14109
3815 14141
3936 14179
4066 14204
4182 14234
55 14260
174 14300
175 14301
176 14302
177 14312
178 14314
179 14316
180 14317
181 14321
182 14322
298 14343
432 14385
551 14408
552 14409
553 14410
554 14412
555 14416
556 14420
557 14424
558 14425
559 14429
685 14437
686 14444
687 14446
688 14448
689 14452
690 14460
691 14461
692 14466
805 14473
806 14477
807 14488
808 14492
809 14506
902 14516
903 14528
904 14532
905 14533
906 14541
907 14542
1011 14550
1116 14581
1117 14585
1118 14588
1119 14600
1120 14604
1121 14605
1122 14612
1123 14613
1257 14651
1365 14653
1366 14657
1367 14660
1368 14664
1369 14668
1370 14672
1371 14676
1372 14684
1373 14685
1509 14706
1603 14731
1708 14768
1709 14769
1710 14770
1711 14780
1712 14793
1815 14804
1816 14806
1817 14816
1818 14825
1819 14826
1820 14829
1927 14852
1928 14861
1929 14862
2035 14876
2036 14877
2037 14878
2038 14888
2039 14897
2040 14901
2166 14916
2167 14917
2168 14926
2169 14937
2255 14976
2385 14979
2490 15043
2610 15050
2611 15056
2612 15061
2613 15072
2614 15073
2615 15081
2616 15082
2730 15103
2856 15125
2857 15131
2858 15133
2859 15136
2860 15144
2861 15152
2862 15153
2970 15183
3101 15193
3102 15197
3103 15205
3104 15216
3105 15224
3106 15225
3244 15230
3245 15233
3246 15239
3247 15240
3248 15260
3352 15278
3467 15301
3468 15312
3469 15313
3470 15316
3471 15333
3563 15337
3564 15341
3565 15344
3566 15346
3567 15347
3713 15400
3816 15431
3937 15445
3938 15446
3939 15454
3940 15455
3941 15468
3942 15469
3943 15478
4067 15497
4183 15542
56 15557
57 15562
58 15564
59 15570
60 15586
183 15601
299 15629
300 15642
301 15649
433 15692
560 15722
693 15751
810 15801
908 15820
1012 15869
1124 15890
1258 15917
1259 15918
1260 15923
1261 15932
1262 15935
1263 15946
1374 15949
1375 15953
1376 15968
1377 15971
1378 15972
1510 16012
1604 16035
1713 16057
1714 16061
1715 16066
1716 16076
1717 16081
1718 16083
1719 16092
1821 16102
1822 16104
1823 16112
1824 16116
1825 16119
1826 16122
1827 16128
1930 16129
1931 16133
1932 16140
1933 16148
1934 16153
1935 16158
2041 16181
2170 16201
2171 16220
2172 16230
2173 16231
2256 16237
2257 16256
2258 16260
2259 16261
2260 16263
2261 16267
2386 16273
2387 16282
2388 16296
2389 16297
2390 16302
2491 16343
2617 16366
2731 16389
2863 16437
2971 16459
3107 16490
3249 16532
3353 16566
3354 16570
3355 16584
3356 16591
3472 16626
3473 16627
3474 16630
3568 16633
3569 16643
3570 16644
3571 16652
3572 16655
3573 16659
3574 16663
3714 16672
3817 16705
3818 16715
3819 16728
3820 16735
3821 16738
3944 16741
3945 16751
3946 16752
3947 16760
3948 16764
3949 16765
3950 16774
4068 16787
4069 16800
4070 16803
4071 16810
4184 16815
61 16851
62 16853
63 16858
64 16860
65 16882
184 16892
185 16894
186 16909
187 16912
302 16949
434 16963
561 17013
694 17032
811 17066
909 17117
1013 17137
1014 17139
1015 17141
1016 17149
1017 17151
1018 17155
1019 17160
1020 17161
1021 17170
1125 17173
1126 17175
1127 17177
1128 17180
1129 17191
1130 17192
1131 17196
1132 17197
1133 17200
1264 17211
1265 17213
1266 17214
1267 17219
1268 17223
1269 17228
1270 17236
1271 17242
1379 17279
1511 17289
1605 17319
1606 17321
1607 17324
1608 17326
1609 17343
1610 17347
1720 17353
1721 17357
1722 17360
1723 17362
1724 17371
1725 17372
1726 17377
1727 17379
1728 17385
1828 17396
1829 17398
1830 17400
1831 17408
1832 17412
1833 17415
1834 17418
1835 17421
1936 17425
1937 17427
1938 17429
1939 17436
1940 17443
1941 17444
1942 17449
1943 17454
2042 17476
2174 17497
2175 17515
2176 17516
2177 17526
2178 17527
2179 17529
2262 17533
2263 17551
2264 17552
2265 17556
2266 17557
2267 17559
2268 17563
2269 17564
2391 17569
2392 17576
2393 17578
2394 17587
2395 17592
2396 17593
2397 17598
2398 17600
2399 17601
2492 17627
2618 17643
2619 17648
2620 17659
2621 17664
2622 17665
2623 17670
2624 17671
2625 17673
2732 17677
2733 17679
2734 17684
2735 17686
2736 17691
2737 17703
2738 17706
2739 17708
2740 17709
2864 17725
2865 17727
2866 17736
2867 17743
2868 17744
2869 17745
2870 17746
2972 17762
3108 17790
3109 17797
3110 17799
3111 17803
3112 17808
3113 17815
3114 17816
3115 17817
3250 17846
3357 17862
3358 17866
3359 17871
3360 17875
3361 17880
3362 17887
3475 17910
3575 17929
3576 17936
3577 17939
3578 17940
3579 17943
3580 17948
3581 17955
3582 17959
3715 18000
3822 18001
3823 18008
3824 18011
3825 18013
3826 18015
3827 18024
3828 18031
3829 18034
3951 18037
3952 18047
3953 18048
3954 18051
3955 18056
3956 18060
3957 18061
3958 18070
4072 18080
4073 18083
4074 18087
4075 18096
4076 18099
4077 18106
4185 18130
66 18155
188 18186
303 18217
435 18283
562 18311
695 18344
812 18387
910 18399
911 18404
912 18405
913 18420
914 18432
1022 18435
1023 18447
1024 18451
1025 18456
1026 18468
1134 18480
1272 18536
1380 18570
1512 18580
1513 18605
1514 18612
1611 18615
1612 18620
1613 18641
1614 18648
1729 18661
1836 18718
1944 18727
2043 18759
2044 18764
2045 18780
2046 18785
2047 18789
2180 18813
2270 18832
2271 18847
2272 18852
2400 18878
2493 18903
2494 18904
2495 18908
2496 18919
2497 18924
2498 18933
2626 18962
2741 18975
2742 18976
2743 18980
2744 18987
2745 19005
2871 19033
2973 19072
3116 19095
3117 19099
3118 19104
3119 19109
3120 19113
3251 19133
3363 19156
3364 19161
3365 19167
3366 19171
3367 19176
3476 19210
3583 19226
3716 19265
3830 19312
3959 19367
4078 19378
4186 19422
67 19442
68 19443
69 19445
70 19450
71 19452
72 19456
73 19462
74 19474
189 19478
190 19484
191 19486
192 19498
193 19501
304 19514
305 19515
306 19517
307 19528
308 19534
309 19537
436 19572
563 19614
696 19623
697 19628
698 19630
699 19632
700 19636
701 19645
813 19661
814 19671
815 19676
816 19677
817 19690
915 19695
916 19700
917 19701
918 19712
919 19713
920 19715
921 19717
922 19726
1027 19754
1135 19767
1136 19769
1137 19772
1138 19773
1139 19783
1140 19784
1141 19785
1142 19789
1273 19807
1381 19839
1382 19841
1383 19844
1384 19845
1385 19855
1386 19856
1387 19857
1388 19859
1515 19876
1516 19882
1517 19893
1518 19894
1519 19903
1615 19926
1730 19949
1731 19952
1732 19954
1733 19958
1734 19963
1735 19964
1736 19969
1737 19971
1837 19988
1838 19990
1839 19992
1840 19994
1841 20000
1842 20007
1945 20019
1946 20020
1947 20021
1948 20028
1949 20035
1950 20036
1951 20041
2048 20055
2049 20060
2050 20062
2051 20072
2052 20073
2053 20074
2054 20077
2055 20079
2056 20083
2181 20105
2273 20137
2401 20196
2499 20225
2627 20235
2628 20240
2629 20251
2630 20257
2631 20263
2746 20271
2747 20272
2748 20276
2749 20278
2750 20283
2751 20295
2752 20300
2872 20305
2974 20349
2975 20355
2976 20356
2977 20359
2978 20371
2979 20374
3121 20387
3252 20421
3253 20427
3254 20431
3255 20443
3256 20444
3257 20446
3368 20452
3369 20457
3370 20458
3371 20463
3372 20464
3373 20467
3374 20479
3477 20519
3584 20553
3717 20565
3718 20570
3719 20576
3720 20579
3721 20581
3722 20583
3831 20600
3832 20606
3833 20607
3834 20613
3835 20623
3836 20626
3960 20656
4079 20672
4080 20678
4081 20679
4082 20685
4083 20691
4084 20698
4187 20706
75 20751
194 20780
195 20782
196 20797
197 20800
310 20817
437 20858
564 20897
702 20951
818 20983
923 21010
1028 21025
1029 21037
1030 21045
1031 21048
1032 21049
1033 21058
1143 21061
1144 21068
1145 21080
1146 21081
1147 21084
1148 21085
1149 21088
1274 21100
1389 21133
1390 21140
1391 21145
1392 21152
1393 21153
1394 21156
1520 21191
1616 21206
1738 21272
1843 21284
1844 21286
1845 21296
1846 21300
1847 21302
1848 21305
1849 21306
1850 21309
1952 21313
1953 21332
1954 21337
1955 21338
1956 21341
1957 21342
2057 21354
2182 21400
2274 21425
2402 21474
2500 21503
2632 21535
2633 21536
2634 21552
2635 21553
2636 21558
2637 21561
2753 21576
2873 21627
2980 21660
2981 21665
2982 21670
3122 21685
3123 21696
3124 21701
3125 21705
3258 21711
3375 21780
3478 21793
3479 21809
3480 21810
3481 21813
3482 21814
3585 21817
3586 21823
3587 21824
3588 21836
3723 21853
3724 21859
3725 21872
3726 21877
3837 21889
3838 21896
3839 21901
3840 21909
3841 21912
3842 21922
3961 21925
3962 21931
3963 21944
3964 21945
3965 21948
3966 21949
3967 21958
4085 21967
4086 21968
4087 21981
4088 21984
4089 21994
4188 22015
76 22035
77 22048
78 22054
198 22076
199 22090
200 22093
311 22131
438 22143
439 22148
440 22156
441 22162
442 22165
565 22212
703 22245
819 22249
820 22261
821 22263
822 22269
924 22287
925 22292
926 22293
927 22305
928 22308
929 22309
1034 22321
1035 22323
1036 22333
1037 22335
1038 22339
1039 22341
1040 22344
1041 22345
1150 22357
1151 22359
1152 22364
1153 22365
1154 22375
1155 22377
1156 22380
1157 22381
1275 22410
1395 22438
1521 22475
1617 22503
1618 22508
1619 22521
1620 22522
1621 22531
1739 22537
1740 22544
1741 22550
1742 22555
1743 22561
1851 22580
1852 22586
1853 22596
1958 22609
1959 22611
1960 22612
1961 22627
1962 22633
2058 22679
2183 22708
2275 22717
2276 22720
2277 22723
2278 22735
2279 22740
2280 22741
2281 22747
2403 22786
2501 22790
2638 22827
2639 22831
2640 22832
2641 22843
2642 22848
2643 22849
2644 22855
2754 22866
2874 22909
2875 22911
2876 22912
2877 22920
2878 22927
2983 22952
3126 22980
3259 23013
3260 23019
3261 23023
3262 23035
3376 23063
3483 23081
3589 23142
3727 23149
3728 23155
3729 23157
3730 23162
3731 23173
3843 23216
3968 23237
4090 23282
4189 23321
79 23358
201 23395
312 23402
313 23406
314 23413
315 23418
316 23435
443 23470
566 23478
567 23481
568 23484
569 23499
570 23501
571 23504
572 23507
704 23515
823 23548
930 23581
1042 23619
1043 23635
1044 23640
1158 23674
1276 23713
1396 23727
1397 23732
1398 23733
1399 23743
1400 23748
1401 23750
1522 23780
1622 23799
1623 23813
1624 23822
1625 23823
1626 23825
1744 23853
1854 23873
1963 23907
1964 23915
1965 23921
1966 23923
1967 23930
1968 23933
2059 23963
2184 23986
2282 24014
2283 24018
2284 24030
2285 24031
2286 24039
2287 24044
2404 24050
2405 24056
2406 24057
2407 24059
2408 24067
2409 24074
2410 24080
2411 24083
2502 24090
2503 24092
2504 24097
2505 24102
2506 24103
2507 24110
2508 24111
2645 24122
2646 24128
2647 24129
2648 24133
2649 24139
2755 24184
2879 24206
2984 24264
3127 24267
3128 24277
3129 24281
3130 24283
3131 24288
3132 24293
3263 24309
3264 24311
3265 24312
3266 24319
3267 24329
3377 24339
3378 24344
3379 24345
3380 24347
3381 24348
3382 24355
3383 24360
3484 24384
3485 24385
3486 24401
3590 24424
3732 24459
3844 24482
3845 24491
3846 24498
3847 24515
3969 24549
4091 24554
4092 24563
4093 24570
4094 24587
4190 24590
4191 24620
80 24650
202 24662
203 24669
204 24680
205 24681
206 24683
317 24698
318 24701
319 24709
320 24712
321 24719
322 24731
444 24733
445 24737
446 24748
447 24749
448 24752
573 24773
574 24777
575 24784
576 24788
577 24803
705 24805
706 24817
707 24820
708 24821
709 24825
710 24827
824 24870
931 24908
1045 24943
1159 24953
1160 24957
1161 24967
1162 24968
1163 24969
1164 24972
1277 24989
1278 24993
1279 25000
1280 25004
1281 25007
1402 25035
1523 25089
1627 25108
1628 25109
1745 25135
1855 25170
1969 25218
2060 25250
2185 25275
2288 25309
2289 25310
2290 25327
2291 25331
2292 25333
2412 25345
2413 25346
2414 25353
2415 25355
2416 25363
2417 25369
2418 25379
2509 25416
2650 25428
2756 25481
2880 25493
2881 25499
2882 25501
2883 25505
2884 25511
2885 25512
2985 25529
2986 25533
2987 25535
2988 25541
2989 25543
2990 25548
3133 25561
3134 25565
3135 25573
3136 25577
3137 25579
3138 25581
3139 25584
3140 25585
3268 25601
3269 25605
3270 25607
3271 25615
3272 25617
3273 25621
3384 25659
3487 25678
3591 25726
3733 25774
3848 25804
3970 25816
4095 25850
4096 25859
4097 25869
4098 25883
4192 25892
81 25921
82 25922
83 25925
84 25929
85 25932
86 25938
87 25941
88 25955
89 25956
207 25958
208 25965
209 25974
210 25977
211 25979
212 25985
323 26011
449 26029
450 26032
451 26033
452 26045
453 26055
454 26057
455 26064
578 26069
579 26073
580 26076
581 26091
582 26093
583 26099
711 26122
825 26150
932 26175
933 26181
934 26193
935 26195
936 26205
937 26206
1046 26211
1047 26213
1048 26229
1049 26242
1165 26251
1282 26283
1283 26285
1284 26289
1285 26303
1286 26314
1403 26322
1524 26376
1629 26391
1630 26405
1631 26414
1632 26415
1633 26417
1634 26419
1635 26422
1636 26424
1746 26439
1856 26488
1970 26504
2061 26564
2186 26569
2187 26572
2188 26586
2189 26594
2190 26599
2191 26601
2192 26603
2293 26605
2294 26606
2295 26608
2296 26622
2297 26627
2298 26629
2299 26631
2300 26635
2419 26641
2420 26642
2421 26644
2422 26649
2423 26651
2424 26665
2425 26666
2426 26673
2427 26675
2510 26677
2511 26680
2512 26694
2513 26702
2514 26703
2515 26709
2651 26732
2757 26749
2758 26750
2759 26752
2760 26766
2761 26774
2762 26775
2763 26781
2764 26783
2886 26789
2887 26795
2888 26801
2889 26807
2890 26813
2891 26815
2892 26817
2893 26818
2991 26850
3141 26857
3142 26859
3143 26861
3144 26873
3145 26877
3146 26881
3147 26885
3148 26887
3149 26889
3274 26908
3385 26929
3386 26931
3387 26933
3388 26937
3389 26939
3390 26940
3391 26959
3488 26965
3489 26976
3490 26985
3491 26987
3492 26993
3493 26995
3494 26997
3495 26998
3592 27001
3593 27011
3594 27018
3595 27023
3734 27049
3849 27082
3971 27109
3972 27110
3973 27117
3974 27119
3975 27129
4099 27146
4100 27155
4101 27162
4102 27165
4103 27179
4193 27182
4194 27203
90 27224
213 27263
324 27294
325 27304
326 27311
327 27316
328 27324
456 27334
584 27393
712 27412
713 27419
714 27423
715 27424
716 27428
717 27432
826 27450
938 27471
939 27488
940 27491
941 27502
1050 27539
1166 27543
1167 27560
1168 27566
1287 27589
1404 27614
1525 27674
1526 27679
1527 27682
1528 27684
1637 27685
1747 27745
1748 27746
1749 27747
1750 27756
1857 27765
1971 27795
1972 27808
1973 27817
1974 27818
2062 27858
2193 27870
2194 27890
2195 27895
2301 27914
2428 27957
2516 27987
2652 28031
2653 28033
2654 28039
2765 28070
2766 28071
2767 28076
2894 28087
2992 28138
3150 28155
3151 28177
3152 28180
3153 28183
3275 28213
3276 28219
3277 28222
3392 28227
3393 28255
3496 28264
3596 28320
3735 28349
3850 28373
3976 28423
4104 28469
4195 28488
91 28537
214 28557
215 28566
216 28569
217 28571
218 28576
219 28577
220 28580
329 28588
330 28589
331 28597
332 28600
333 28602
334 28607
335 28612
457 28621
458 28624
459 28625
460 28636
461 28648
462 28649
585 28671
718 28693
719 28705
720 28706
721 28708
722 28710
723 28713
724 28715
725 28720
726 28724
827 28740
942 28772
943 28773
944 28785
945 28787
946 28797
947 28798
1051 28810
1169 28841
1170 28844
1171 28845
1172 28855
1173 28857
1174 28869
1288 28899
1405 28913
1406 28916
1407 28917
1408 28924
1409 28927
1410 28929
1411 28931
1412 28941
1529 28948
1530 28957
1531 28973
1532 28975
1533 28978
1638 28996
1639 29009
1640 29011
1641 29014
1751 29038
1858 29063
1859 29065
1860 29081
1975 29092
1976 29099
1977 29104
1978 29107
1979 29117
2063 29135
2064 29137
2065 29153
2066 29155
2196 29184
2302 29197
2303 29200
2304 29203
2305 29214
2306 29215
2307 29219
2308 29227
2309 29228
2429 29233
2430 29236
2431 29240
2432 29241
2433 29243
2434 29251
2435 29262
2436 29264
2437 29265
2517 29269
2518 29272
2519 29276
2520 29281
2521 29286
2522 29287
2523 29298
2524 29301
2655 29311
2656 29312
2657 29313
2658 29317
2659 29323
2660 29327
2661 29334
2662 29335
2663 29337
2768 29357
2895 29378
2993 29417
2994 29420
2995 29421
2996 29423
2997 29431
2998 29441
2999 29443
3000 29446
3154 29449
3155 29453
3156 29461
3157 29467
3158 29469
3159 29476
3160 29477
3161 29479
3162 29481
3278 29489
3279 29493
3280 29495
3281 29503
3282 29505
3283 29513
3284 29515
3285 29518
3394 29555
3497 29562
3597 29628
3736 29631
3851 29684
3977 29726
4105 29743
4106 29747
4107 29750
4108 29754
4109 29757
4110 29766
4196 29779
4197 29795
4198 29802
4199 29804
92 29832
221 29853
222 29865
223 29867
336 29884
337 29893
338 29903
463 29917
464 29920
586 29955
727 29989
728 30001
729 30002
730 30009
731 30011
828 30053
948 30068
949 30069
950 30081
951 30083
952 30093
1052 30124
1175 30143
1289 30204
1413 30221
1534 30252
1642 30311
1752 30314
1861 30358
1862 30361
1980 30388
1981 30403
2067 30430
2068 30433
2197 30490
2310 30493
2311 30496
2312 30499
2313 30511
2314 30515
2438 30550
2525 30565
2526 30568
2527 30572
2528 30577
2529 30583
2530 30594
2531 30597
2664 30605
2769 30652
2896 30685
2897 30687
2898 30695
2899 30705
3001 30716
3002 30717
3003 30723
3004 30727
3163 30764
3286 30798
3395 30842
3498 30884
3598 30913
3737 30955
3852 30987
3978 30997
3979 31003
3980 31005
3981 31010
3982 31017
3983 31026
4111 31038
4200 31075
4201 31091
4202 31098
93 31137
224 31156
339 31181
340 31189
341 31198
342 31201
343 31202
344 31204
465 31221
587 31250
732 31294
733 31297
734 31298
735 31309
736 31312
737 31316
829 31333
830 31340
831 31348
832 31354
953 31386
1053 31395
1054 31405
1055 31406
1056 31409
1057 31411
1058 31426
1176 31431
1177 31438
1178 31445
1179 31447
1180 31448
1181 31456
1182 31460
1290 31465
1414 31503
1415 31513
1416 31514
1417 31519
1418 31520
1419 31522
1420 31532
1535 31544
1643 31577
1644 31589
1645 31594
1646 31598
1753 31637
1863 31662
1982 31701
2069 31729
2070 31738
2071 31740
2072 31741
2198 31771
2199 31772
2315 31807
2316 31808
2317 31812
2318 31820
2439 31843
2440 31848
2441 31856
2532 31863
2533 31879
2534 31880
2535 31884
2536 31888
2665 31907
2770 31968
2900 31973
2901 31983
2902 31988
2903 31991
2904 31992
2905 31996
2906 32003
3005 32016
3164 32045
3165 32054
3166 32055
3167 32059
3168 32062
3169 32064
3170 32065
3171 32068
3172 32075
3287 32083
3396 32117
3397 32127
3398 32131
3399 32132
3400 32136
3499 32162
3500 32171
3599 32188
3738 32230
3739 32234
3740 32239
3741 32240
3742 32242
3853 32262
3984 32319
4112 32333
4113 32342
4114 32343
4115 32347
4116 32356
4117 32362
4203 32395
94 32427
225 32471
345 32506
466 32519
588 32552
589 32558
590 32569
591 32572
592 32573
738 32588
739 32594
740 32601
741 32605
742 32608
833 32652
954 32667
1059 32706
1183 32743
1184 32744
1185 32752
1186 32757
1291 32762
1292 32780
1293 32788
1421 32810
1422 32815
1423 32816
1424 32818
1425 32829
1536 32835
1647 32872
1754 32934
1864 32963
1983 32986
2073 33013
2074 33014
2075 33034
2076 33036
2077 33037
2078 33045
2200 33057
2319 33085
2320 33086
2321 33103
2322 33104
2323 33105
2324 33108
2325 33113
2442 33133
2537 33161
2666 33209
2771 33259
2907 33290
3006 33332
3173 33352
3288 33374
3289 33378
3290 33391
3291 33393
3292 33397
3293 33401
3401 33410
3402 33414
3403 33427
3404 33428
3405 33432
3501 33458
3502 33465
3503 33473
3600 33488
3601 33492
3602 33494
3603 33499
3604 33500
3605 33508
3743 33530
3744 33535
3745 33536
3746 33538
3854 33559
3985 33590
3986 33600
3987 33602
3988 33608
4118 33626
4119 33632
4120 33638
4121 33643
4122 33652
4204 33662
4205 33680
4206 33688
95 33701
96 33703
97 33727
98 33728
226 33768
346 33772
347 33773
348 33775
349 33793
350 33794
351 33799
467 33827
593 33845
594 33865
595 33869
596 33871
597 33872
743 33882
834 33947
955 33960
1060 34000
1061 34001
1062 34003
1187 34037
1188 34039
1189 34040
1190 34051
1191 34052
1192 34053
1294 34077
1426 34108
1427 34111
1428 34112
1429 34123
1430 34124
1431 34125
1537 34143
1648 34192
1755 34201
1756 34205
1757 34225
1758 34226
1759 34233
1865 34243
1866 34253
1867 34260
1868 34262
1869 34269
1984 34286
2079 34309
2080 34310
2081 34315
2082 34332
2083 34333
2084 34341
2201 34345
2202 34348
2203 34363
2204 34364
2205 34373
2206 34377
2326 34390
2443 34443
2538 34486
2667 34506
2772 34546
2908 34590
3007 34601
3008 34615
3009 34620
3010 34625
3011 34627
3174 34640
3294 34670
3295 34673
3296 34687
3297 34693
3298 34697
3299 34699
3406 34706
3407 34709
3408 34723
3409 34724
3410 34728
3411 34735
3504 34769
3505 34771
3606 34785
3747 34828
3748 34831
3749 34832
3855 34851
3989 34886
3990 34904
3991 34916
4123 34933
4207 34967
99 34997
100 34999
101 35005
102 35010
103 35014
104 35024
227 35045
352 35069
353 35071
354 35077
355 35082
356 35086
357 35092
468 35105
469 35122
470 35128
471 35130
598 35137
744 35185
745 35186
746 35190
747 35200
748 35202
749 35204
835 35232
956 35246
957 35258
958 35272
959 35277
960 35278
1063 35289
1193 35343
1295 35360
1432 35401
1433 35402
1434 35404
1435 35410
1436 35420
1437 35421
1538 35443
1649 35480
1760 35502
1870 35563
1985 35570
1986 35573
1987 35579
1988 35580
2085 35606
2086 35611
2087 35615
2088 35617
2089 35626
2090 35637
2207 35652
2208 35670
2209 35673
2327 35702
2444 35727
2539 35760
2540 35776
2541 35778
2542 35781
2668 35819
2773 35845
2909 35861
2910 35867
2911 35874
2912 35884
3012 35897
3013 35903
3014 35910
3175 35938
3300 35968
3412 36002
3413 36005
3414 36011
3415 36018
3506 36039
3607 36101
3750 36129
3856 36146
3857 36158
3858 36162
3859 36166
3860 36174
3861 36178
3992 36203
4124 36252
4208 36254
4209 36257
4210 36268
4211 36280
4212 36282
4213 36284
4214 36286
105 36308
228 36327
358 36372
472 36400
473 36401
474 36411
475 36418
476 36424
477 36426
599 36437
600 36442
601 36446
602 36460
603 36463
604 36464
750 36478
751 36482
752 36486
753 36489
754 36496
755 36498
756 36499
757 36500
836 36510
961 36569
1064 36583
1194 36622
1195 36631
1196 36640
1197 36643
1198 36644
1296 36650
1297 36676
1298 36679
1438 36695
1539 36747
1650 36765
1761 36826
1871 36844
1989 36866
1990 36869
2091 36936
2210 36959
2328 36980
2445 37010
2446 37012
2447 37027
2448 37038
2449 37040
2543 37048
2544 37063
2545 37072
2546 37074
2669 37082
2670 37099
2671 37110
2774 37118
2775 37120
2776 37137
2777 37146
2778 37148
2913 37157
2914 37167
2915 37170
2916 37180
2917 37183
3015 37201
3176 37229
3177 37238
3178 37239
3179 37243
3180 37245
3181 37246
3182 37252
3183 37255
3301 37261
3416 37298
3417 37301
3418 37311
3419 37314
3420 37315
3421 37327
3507 37349
3608 37394
3751 37428
3862 37465
3993 37478
3994 37486
3995 37490
3996 37491
3997 37506
3998 37508
4125 37545
4215 37583
106 37603
229 37628
230 37630
231 37635
232 37638
233 37641
234 37642
235 37648
236 37649
237 37650
359 37680
478 37700
479 37707
480 37714
481 37720
482 37721
483 37722
605 37736
606 37738
607 37756
608 37757
609 37759
758 37772
759 37774
760 37777
761 37782
762 37785
763 37792
764 37794
765 37795
837 37826
962 37841
1065 37876
1199 37931
1299 37946
1300 37947
1301 37964
1302 37972
1303 37975
1439 38005
1540 38018
1541 38029
1542 38033
1543 38038
1544 38051
1651 38069
1652 38074
1762 38099
1763 38123
1872 38135
1873 38136
1874 38137
1875 38141
1876 38159
1991 38192
2092 38198
2093 38207
2094 38209
2095 38218
2211 38239
2329 38284
2450 38310
2547 38343
2548 38352
2549 38360
2550 38368
2551 38370
2672 38390
2779 38414
2780 38415
2781 38433
2782 38442
2918 38484
3016 38517
3184 38554
3302 38583
3422 38594
3423 38603
3424 38607
3425 38610
3426 38612
3427 38623
3508 38637
3609 38672
3610 38674
3611 38676
3612 38679
3613 38681
3614 38682
3615 38684
3616 38692
3752 38710
3753 38718
3754 38720
3755 38722
3863 38738
3864 38744
3865 38751
3866 38753
3867 38754
3868 38758
3869 38766
3999 38774
4000 38782
4001 38784
4002 38787
4003 38792
4004 38802
4126 38809
4216 38846
4217 38854
4218 38861
4219 38864
4220 38872
4221 38874
107 38881
108 38887
109 38893
110 38911
111 38914
112 38915
238 38928
360 38982
484 38990
610 39055
611 39058
612 39059
766 39071
838 39097
839 39101
840 39109
963 39141
964 39150
965 39155
966 39167
1066 39176
1200 39205
1201 39209
1202 39213
1203 39222
1204 39230
1205 39239
1304 39264
1440 39277
1441 39281
1442 39285
1443 39289
1444 39299
1445 39302
1545 39337
1653 39354
1764 39385
1765 39394
1766 39402
1767 39407
1768 39411
1877 39441
1992 39492
2096 39520
2212 39543
2330 39567
2451 39601
2452 39605
2453 39609
2454 39610
2455 39619
2456 39626
2457 39635
2552 39650
2673 39688
2783 39709
2784 39715
2785 39718
2786 39726
2787 39734
2788 39735
2789 39743
2919 39749
2920 39762
2921 39773
2922 39775
2923 39778
3017 39785
3018 39789
3019 39798
3020 39806
3021 39809
3022 39811
3023 39814
3185 39820
3303 39872
3428 39905
3509 39951
3510 39953
3511 39955
3512 39958
3617 39961
3618 39967
3619 39970
3620 39978
3621 39979
3622 39987
3623 39991
3756 40028
3870 40033
3871 40050
3872 40051
3873 40063
3874 40065
3875 40066
3876 40067
4005 40090
4127 40111
4128 40122
4129 40123
4130 40131
4131 40138
4132 40139
4222 40147
4223 40150
4224 40167
4225 40173
4226 40174
113 40177
114 40179
115 40182
116 40192
117 40197
118 40207
119 40212
239 40233
240 40238
241 40240
361 40251
362 40254
363 40264
364 40274
365 40276
366 40279
367 40284
485 40285
486 40287
487 40300
488 40303
489 40310
490 40312
491 40320
613 40326
614 40336
615 40348
616 40351
767 40357
768 40359
769 40372
770 40377
771 40384
772 40387
773 40392
841 40414
967 40435
1067 40496
1206 40534
1305 40553
1446 40601
1546 40613
1654 40658
1769 40704
1878 40724
1879 40726
1880 40731
1881 40736
1882 40743
1993 40761
2097 40789
2098 40790
2099 40796
2100 40798
2101 40808
2102 40815
2213 40825
2214 40828
2215 40830
2216 40842
2217 40843
2218 40844
2219 40850
2220 40854
2221 40860
2331 40893
2458 40919
2553 40933
2554 40936
2555 40938
2556 40940
2557 40950
2558 40951
2559 40952
2560 40958
2561 40959
2562 40962
2674 40976
2675 40987
2676 40998
2790 41005
2791 41008
2792 41012
2793 41014
2794 41022
2795 41030
2796 41031
2797 41034
2924 41052
3024 41111
3186 41115
3187 41118
3188 41127
3189 41138
3190 41139
3191 41143
3192 41148
3304 41161
3429 41187
3430 41190
3431 41192
3432 41199
3433 41200
3434 41202
3435 41215
3513 41231
3624 41257
3625 41266
3626 41271
3627 41274
3628 41275
3629 41276
3630 41283
3631 41284
3632 41287
3757 41293
3758 41302
3759 41310
3760 41311
3761 41312
3762 41318
3763 41319
3877 41329
3878 41330
3879 41343
3880 41346
3881 41347
3882 41349
3883 41358
3884 41359
4006 41365
4007 41366
4008 41374
4009 41379
4010 41384
4011 41385
4012 41394
4133 41425
4227 41438
4228 41446
4229 41456
4230 41463
4231 41464
4232 41466
120 41486
242 41515
243 41531
244 41534
245 41540
368 41564
492 41583
493 41597
494 41606
617 41622
618 41647
619 41648
620 41651
774 41657
842 41707
968 41726
969 41727
970 41742
971 41747
972 41759
1068 41793
1207 41799
1208 41814
1209 41822
1210 41831
1306 41834
1307 41835
1308 41847
1309 41855
1447 41871
1448 41891
1449 41894
1547 41906
1548 41911
1549 41914
1550 41921
1551 41933
1655 41952
1770 41984
1771 41986
1772 41987
1773 41994
1774 41999
1775 42003
1883 42019
1884 42020
1885 42022
1886 42023
1887 42027
1888 42029
1889 42039
1890 42041
1994 42082
2103 42088
2222 42145
2332 42162
2333 42163
2334 42174
2335 42183
2336 42185
2459 42220
2563 42234
2564 42236
2565 42245
2566 42246
2567 42254
2568 42255
2677 42285
2798 42307
2799 42308
2800 42310
2801 42318
2802 42326
2803 42327
2804 42335
2925 42358
3025 42373
3193 42411
3194 42414
3195 42415
3196 42423
3197 42434
3198 42435
3199 42437
3200 42439
3201 42440
3305 42468
3436 42510
3514 42543
3515 42545
3516 42547
3633 42565
3764 42595
3765 42598
3766 42599
3767 42606
3768 42614
3769 42615
3770 42617
3771 42623
3885 42633
4013 42676
4134 42698
4135 42699
4136 42703
4137 42707
4138 42711
4139 42714
4140 42723
4141 42731
4233 42768
121 42769
122 42771
123 42775
124 42781
125 42789
126 42802
127 42803
128 42804
246 42837
369 42843
370 42847
371 42853
372 42863
373 42865
374 42868
375 42875
376 42876
495 42894
621 42936
622 42937
623 42940
624 42946
625 42947
775 42963
843 42985
844 42989
845 42997
846 43004
847 43005
973 43047
1069 43057
1070 43059
1071 43061
1072 43069
1073 43077
1074 43081
1075 43092
1211 43108
1310 43131
1311 43133
1312 43137
1313 43148
1314 43151
1450 43165
1451 43167
1452 43169
1453 43173
1454 43177
1455 43184
1456 43185
1457 43187
1552 43207
1553 43217
1554 43229
1656 43266
1776 43303
1891 43327
1995 43345
1996 43361
1997 43364
1998 43367
1999 43373
2104 43406
2223 43448
2337 43463
2460 43500
2569 43546
2678 43567
2679 43568
2680 43569
2681 43573
2682 43584
2683 43589
2805 43597
2806 43603
2807 43604
2808 43631
2926 43637
2927 43661
2928 43666
3026 43678
3202 43707
3203 43709
3204 43711
3205 43733
3206 43740
3306 43745
3307 43749
3308 43769
3309 43774
3310 43776
3437 43779
3438 43781
3439 43783
3440 43784
3441 43785
3517 43814
3634 43849
3635 43855
3636 43862
3637 43865
3638 43868
3639 43876
3772 43890
3886 43921
3887 43934
3888 43937
3889 43941
3890 43944
3891 43954
3892 43955
4014 43957
4015 43963
4016 43970
4017 43976
4018 43977
4019 43980
4020 43985
4021 43990
4142 43996
4234 44035
4235 44045
4236 44048
4237 44052
4238 44056
4239 44062
129 44093
247 44107
248 44122
249 44124
250 44126
251 44132
377 44146
496 44173
497 44175
498 44189
499 44191
500 44194
501 44198
502 44208
626 44212
776 44253
848 44291
974 44322
1076 44364
1212 44389
1213 44391
1214 44406
1215 44408
1216 44414
1217 44423
1218 44424
1315 44426
1316 44427
1317 44439
1318 44444
1319 44454
1458 44488
1555 44498
1556 44503
1557 44513
1558 44518
1657 44565
1777 44584
1892 44611
1893 44619
1894 44621
1895 44624
1896 44631
2000 44653
2105 44677
2106 44678
2107 44683
2108 44696
2109 44698
2110 44703
2224 44713
2225 44730
2226 44731
2227 44732
2228 44738
2229 44742
2230 44747
2231 44748
2338 44782
2461 44815
2570 44821
2571 44837
2572 44838
2573 44839
2574 44840
2575 44844
2576 44846
2577 44847
2578 44850
2684 44863
2685 44875
2686 44880
2687 44886
2809 44893
2810 44899
2811 44910
2812 44918
2813 44919
2814 44922
2815 44927
2929 44943
2930 44946
2931 44960
3027 44967
3028 44979
3029 44982
3030 44990
3207 45023
3311 45050
3442 45093
3518 45133
3640 45145
3641 45151
3642 45159
3643 45161
3644 45162
3645 45163
3646 45164
3647 45171
3773 45188
3893 45217
3894 45218
3895 45231
3896 45233
3897 45234
3898 45235
3899 45240
3900 45246
3901 45251
4022 45257
4143 45290
4144 45291
4145 45295
4146 45303
4147 45306
4148 45307
4149 45312
4150 45315
4151 45318
4152 45323
4240 45326
4241 45331
4242 45341
4243 45344
4244 45348
4245 45351
4246 45354
130 45361
131 45366
132 45367
133 45373
134 45376
135 45381
136 45382
137 45394
138 45396
252 45423
378 45440
503 45469
504 45484
505 45485
506 45490
507 45493
508 45494
509 45504
627 45510
628 45520
629 45528
630 45529
631 45538
777 45541
778 45553
779 45556
780 45557
781 45561
782 45564
783 45565
784 45576
849 45586
975 45643
1077 45649
1078 45653
1079 45661
1080 45663
1081 45669
1082 45673
1083 45678
1084 45684
1219 45685
1220 45689
1221 45693
1222 45702
1223 45704
1224 45705
1225 45709
1226 45710
1227 45720
1320 45734
1459 45760
1559 45799
1560 45809
1561 45814
1562 45821
1658 45860
1778 45867
1897 45907
1898 45911
1899 45915
1900 45917
1901 45920
1902 45929
2001 45971
2111 45973
2112 45979
2113 45983
2114 45992
2115 45994
2116 46001
2232 46010
2339 46045
2340 46050
2341 46051
2342 46062
2343 46064
2344 46068
2345 46073
2462 46081
2463 46085
2464 46089
2465 46104
2466 46106
2467 46110
2579 46117
2580 46122
2581 46129
2582 46133
2583 46134
2584 46136
2585 46140
2586 46142
2587 46146
2688 46159
2689 46161
2690 46165
2691 46176
2692 46181
2693 46182
2816 46189
2817 46195
2818 46206
2819 46214
2820 46218
2932 46243
3031 46265
3032 46266
3033 46269
3034 46275
3035 46276
3036 46278
3037 46286
3038 46289
3039 46294
3208 46301
3209 46302
3210 46303
3211 46311
3212 46322
3213 46325
3214 46332
3312 46337
3313 46338
3314 46341
3315 46347
3316 46361
3317 46366
3318 46368
3443 46401
3519 46432
3648 46441
3649 46447
3650 46451
3651 46455
3652 46457
3653 46458
3654 46460
3774 46488
3902 46513
3903 46523
3904 46527
3905 46529
3906 46530
3907 46533
3908 46536
3909 46542
3910 46546
4023 46549
4024 46555
4025 46559
4026 46563
4027 46568
4028 46569
4029 46572
4030 46577
4031 46578
4032 46582
4153 46607
4247 46627
4248 46637
4249 46640
4250 46644
4251 46650
4252 46654
